20080101004000000;0.0;0.124;-0.054;-0.003;-0.056;0.089;0.059;-0.047;0.025;0.035;0.167;0.075;0.071;0.131;-0.016;0.07
20080101004000010;-0.056;0.163;-0.042;-0.041;-0.044;0.065;0.022;0.001;0.041;0.045;0.134;0.099;0.079;0.172;0.029;0.082
20080101004000110;0.031;0.123;-0.06;0.003;-0.073;0.105;0.05;-0.017;0.013;0.03;0.167;0.065;0.055;0.081;0.037;0.048
20080101004000210;0.008;0.101;-0.039;-0.033;-0.042;0.059;0.016;0.02;0.047;0.05;0.191;0.057;0.088;0.112;-0.056;0.067
20080101004000310;0.026;0.093;-0.054;0.038;-0.072;0.061;0.055;0.026;0.056;0.026;0.151;0.117;0.043;0.052;0.033;0.045
20080101004000410;-0.042;0.164;-0.034;-0.029;-0.092;0.121;0.027;-0.037;0.168;0.052;0.179;0.073;0.067;0.082;-0.039;0.039
20080101004000510;0.026;0.119;-0.052;0.011;-0.023;0.057;0.034;0.012;0.19;0.029;0.188;0.109;0.019;0.131;0.04;0.064
20080101004000610;-0.011;0.135;-0.038;-0.052;-0.057;0.084;0.087;-0.014;0.142;0.046;0.141;0.06;0.076;0.092;-0.023;0.059
20080101004000710;0.024;0.094;-0.054;-0.015;-0.013;0.04;0.092;0.062;0.199;0.03;0.193;0.104;0.05;0.097;0.051;0.078
20080101004000810;-0.02;0.142;-0.032;-0.05;-0.058;0.073;0.15;0.05;0.12;0.045;0.175;0.071;0.056;0.027;-0.028;0.053
20080101004000920;0.027;0.164;-0.053;0.011;-0.028;0.023;0.105;0.105;0.155;0.026;0.199;0.131;0.005;0.071;0.042;0.076
20080101004001010;-0.026;0.132;-0.038;-0.046;-0.063;0.138;0.168;0.096;0.123;0.048;0.135;0.085;-0.003;0.027;-0.063;0.049
20080101004001110;0.026;0.138;-0.053;0.01;0.016;0.097;0.099;0.146;0.174;0.03;0.172;0.116;0.036;0.056;0.013;0.046
20080101004001210;0.028;0.093;-0.044;-0.033;-0.022;0.155;0.126;0.08;0.121;0.047;0.194;0.045;0.02;0.088;-0.061;0.072
20080101004001310;-0.048;0.138;-0.035;-0.024;0.021;0.123;0.087;0.123;0.163;0.052;0.142;0.113;0.053;0.047;0.011;0.057
20080101004001410;-0.032;0.091;-0.047;0.02;-0.006;0.165;0.112;0.07;0.168;0.029;0.137;0.07;0.018;0.098;-0.074;0.091
20080101004001510;-0.084;0.068;-0.039;-0.025;0.04;0.132;0.127;0.044;0.128;0.052;0.188;0.137;0.063;0.049;-0.007;0.065
20080101004001610;0.006;0.106;-0.055;0.019;-0.002;0.15;0.091;0.074;0.184;0.027;0.217;0.081;0.019;0.09;-0.055;0.045
20080101004001730;-0.046;0.152;-0.034;-0.052;0.022;0.122;0.123;0.042;0.191;0.044;0.146;0.112;0.078;0.046;0.052;0.071
20080101004001810;-0.008;0.087;-0.051;0.006;-0.042;0.061;0.095;0.056;0.111;0.026;0.174;0.048;0.035;0.095;-0.043;0.042
20080101004001910;-0.024;0.149;-0.037;-0.042;0.001;0.08;0.11;0.061;0.13;0.048;0.115;0.046;0.066;0.136;0.018;0.06
20080101004002010;0.074;0.187;-0.052;-0.005;-0.094;0.021;0.068;0.017;0.065;0.027;0.145;0.106;0.041;0.101;0.036;0.044
20080101004002110;-0.003;0.132;-0.037;-0.059;-0.059;0.056;0.077;0.055;0.077;0.044;0.193;0.072;0.089;0.153;-0.034;0.071
20080101004002210;0.05;0.168;-0.055;-0.012;-0.122;0.067;0.072;0.011;0.02;0.031;0.131;0.117;0.069;0.074;0.034;0.08
20080101004002310;-0.003;0.115;-0.042;0.018;-0.086;0.026;0.011;-0.013;0.082;0.045;0.179;0.056;0.082;0.131;-0.004;0.049
20080101004002420;0.027;0.161;-0.056;-0.044;-0.122;0.062;0.021;-0.081;0.044;0.047;0.137;0.11;0.079;0.082;0.035;0.045
20080101004002510;-0.032;0.103;-0.042;0.003;-0.056;0.02;-0.02;-0.118;0.081;0.03;0.165;0.062;0.032;0.148;-0.014;0.064
20080101004002610;0.008;0.136;-0.055;-0.047;-0.011;0.069;0.012;-0.125;0.031;0.025;0.136;0.105;0.099;0.097;0.035;0.051
20080101004002710;-0.026;0.101;-0.031;-0.003;-0.051;0.029;-0.003;-0.086;0.078;0.049;0.178;0.058;0.077;0.122;-0.007;0.072
20080101004002810;0.031;0.164;-0.049;-0.024;-0.095;0.066;0.053;-0.108;0.096;0.032;0.197;0.042;0.093;0.096;0.045;0.056
20080101004002910;-0.005;0.135;-0.034;-0.007;-0.058;0.017;0.023;-0.032;0.04;0.047;0.134;0.113;0.043;0.171;-0.005;0.07
20080101004003010;0.031;0.125;-0.053;0.023;-0.085;0.066;0.067;0.02;0.056;0.03;0.188;0.059;0.037;0.135;-0.02;0.048
20080101004003120;-0.01;0.149;-0.037;-0.059;-0.097;0.096;0.081;-0.008;0.007;0.046;0.12;0.118;0.084;0.069;0.052;0.071
20080101004003210;0.036;0.167;-0.057;-0.009;-0.025;0.063;0.039;0.064;0.083;0.052;0.179;0.04;0.056;0.109;-0.026;0.046
20080101004003310;-0.031;0.102;-0.036;-0.042;-0.059;0.145;0.087;0.051;0.066;0.026;0.138;0.092;0.082;0.07;0.023;0.072
20080101004003420;0.009;0.14;-0.048;0.033;-0.023;0.09;0.071;0.104;0.145;0.046;0.185;0.07;0.052;0.136;-0.044;0.052
20080101004003520;-0.054;0.081;-0.027;-0.006;-0.05;0.154;0.133;0.028;0.189;0.028;0.148;0.119;0.03;0.146;0.017;0.085
20080101004003620;-0.001;0.13;-0.046;0.023;0.02;0.099;0.102;0.061;0.139;0.051;0.216;0.131;0.074;0.098;-0.03;0.056
20080101004003720;-0.082;0.081;-0.056;-0.038;0.082;0.076;0.125;0.03;0.197;0.025;0.182;0.057;0.059;0.11;0.031;0.081
20080101004003820;-0.07;0.121;-0.032;-0.056;0.018;0.148;0.148;0.074;0.165;0.042;0.148;0.112;0.009;0.037;-0.053;0.053
20080101004003920;0.002;0.077;-0.048;0.004;0.021;0.077;0.089;0.06;0.184;0.028;0.185;0.08;0.019;0.072;0.016;0.041
20080101004004020;-0.023;0.146;-0.058;-0.034;-0.046;0.139;0.141;0.118;0.091;0.045;0.148;0.123;0.003;0.037;-0.072;0.063
20080101004004120;0.047;0.126;-0.041;0.013;-0.011;0.082;0.092;0.158;0.122;0.033;0.192;0.046;0.04;0.055;0.025;0.05
20080101004004220;0.0;0.157;-0.056;-0.063;-0.082;0.117;0.119;0.146;0.136;0.047;0.151;0.135;0.01;0.009;-0.054;0.074
20080101004004330;0.07;0.114;-0.035;0.025;-0.051;0.068;0.086;0.063;0.088;0.031;0.207;0.085;0.038;0.084;0.032;0.049
20080101004004420;0.038;0.139;-0.056;-0.021;-0.016;0.093;0.106;0.073;0.173;0.046;0.146;0.126;-0.002;0.063;-0.025;0.073
20080101004004520;-0.028;0.105;-0.039;-0.044;-0.067;0.089;0.077;0.022;0.207;0.019;0.125;0.058;0.052;0.107;0.036;0.077
20080101004004620;-0.053;0.158;-0.053;0.024;-0.031;0.045;0.131;0.023;0.166;0.042;0.2;0.036;0.011;0.052;-0.033;0.05
20080101004004720;0.029;0.147;-0.032;-0.049;-0.05;0.088;0.071;-0.038;0.221;0.048;0.172;0.107;0.062;0.031;0.05;0.073
20080101004004830;-0.032;0.088;-0.051;0.001;-0.019;0.02;0.102;0.002;0.167;0.026;0.2;0.07;0.026;0.126;-0.035;0.042
20080101004004920;-0.063;0.129;-0.034;-0.055;-0.085;0.085;0.06;-0.008;0.085;0.042;0.126;0.133;0.024;0.08;0.04;0.065
20080101004005020;0.055;0.127;-0.055;0.022;-0.05;0.046;0.018;0.064;0.068;0.049;0.189;0.047;0.09;0.187;-0.005;0.052
20080101004005120;0.008;0.172;-0.036;-0.017;-0.125;0.111;0.046;0.014;0.005;0.023;0.148;0.093;0.071;0.133;0.032;0.072
20080101004005220;0.005;0.116;-0.052;-0.041;-0.074;0.144;0.006;0.024;-0.03;0.051;0.11;0.062;0.129;0.128;-0.009;0.053
20080101004005320;0.04;0.155;-0.056;0.006;-0.031;0.137;0.04;-0.007;0.027;0.032;0.164;0.029;0.077;0.187;0.016;0.072
20080101004005420;0.023;0.115;-0.034;-0.036;-0.057;0.035;0.019;-0.063;-0.024;0.048;0.105;0.096;0.088;0.122;-0.029;0.053
20080101004005520;-0.042;0.144;-0.05;-0.005;0.001;0.035;0.066;-0.06;0.056;0.033;0.165;0.067;0.057;0.154;0.01;0.066
20080101004005620;0.001;0.096;-0.028;-0.034;-0.046;0.103;0.037;-0.119;0.011;0.046;0.143;0.094;0.087;0.091;-0.004;0.042
20080101004005720;-0.062;0.126;-0.053;0.021;0.02;0.039;0.006;-0.075;0.008;0.028;0.182;0.063;0.051;0.153;0.025;0.073
20080101004005820;0.029;0.089;-0.034;-0.049;-0.082;0.11;0.031;-0.098;0.114;0.049;0.211;0.106;0.079;0.096;-0.001;0.05
20080101004005920;-0.045;0.172;-0.055;0.002;-0.05;0.072;-0.01;-0.007;0.059;0.03;0.146;0.06;0.033;0.131;0.023;0.069
20080101004006030;0.049;0.128;-0.035;-0.041;-0.104;0.093;0.035;-0.031;0.117;0.049;0.128;0.114;0.079;0.092;0.006;0.051
20080101004006120;-0.01;0.169;-0.056;0.02;-0.048;0.018;0.018;0.073;0.047;0.036;0.172;0.08;0.046;0.134;0.04;0.073
20080101004006230;0.068;0.123;-0.036;-0.04;-0.155;0.075;0.096;0.042;0.157;0.027;0.13;0.116;0.077;0.088;-0.016;0.049
20080101004006330;-0.011;0.202;-0.051;0.012;-0.091;0.022;0.062;0.089;0.113;0.049;0.16;0.074;0.076;0.059;0.02;0.073
20080101004006420;0.068;0.088;-0.036;-0.001;-0.099;0.085;0.131;0.063;0.193;0.033;0.201;0.043;0.024;0.104;-0.019;0.08
20080101004006530;-0.033;0.15;-0.06;-0.091;-0.014;0.021;0.114;0.04;0.16;0.047;0.152;0.13;0.053;0.056;0.036;0.049
20080101004006620;0.062;0.088;-0.028;-0.031;-0.034;0.043;0.158;0.099;0.194;0.029;0.201;0.132;0.016;0.08;-0.019;0.07
20080101004006730;-0.068;0.163;-0.053;0.013;0.049;0.142;0.126;0.053;0.122;0.052;0.139;0.064;0.049;0.034;-0.002;0.051
20080101004006830;-0.014;0.084;-0.026;-0.023;0.02;0.115;0.134;0.118;0.187;0.036;0.139;0.121;0.008;0.011;-0.033;0.081
20080101004006930;-0.073;0.115;-0.047;0.038;0.073;0.21;0.08;0.057;0.119;0.024;0.204;0.084;-0.002;0.06;-0.002;0.049
20080101004007030;-0.023;0.125;-0.036;-0.025;-0.012;0.169;0.114;0.14;0.181;0.041;0.152;0.149;0.025;0.031;-0.073;0.075
20080101004007130;-0.062;0.08;-0.054;0.026;0.071;0.214;0.068;0.07;0.105;0.058;0.193;0.097;-0.002;0.006;-0.026;0.054
20080101004007230;-0.074;0.128;-0.032;-0.068;-0.001;0.167;0.11;0.126;0.115;0.027;0.145;0.124;0.059;0.063;-0.062;0.072
20080101004007330;0.052;0.074;-0.047;-0.005;0.008;0.049;0.095;0.086;0.17;0.054;0.186;0.066;0.022;0.032;0.0;0.047
20080101004007430;-0.011;0.151;-0.031;0.012;-0.043;0.093;0.133;0.043;0.128;0.032;0.135;0.113;0.063;0.1;-0.02;0.075
20080101004007530;-0.019;0.124;-0.052;-0.061;-0.001;0.038;0.148;0.081;0.189;0.045;0.173;0.064;0.037;0.136;0.016;0.053
20080101004007630;0.042;0.158;-0.038;0.016;-0.063;0.068;0.148;0.092;0.123;0.031;0.176;0.088;0.079;0.07;0.036;0.074
20080101004007740;0.085;0.179;-0.05;-0.044;-0.089;0.006;0.078;0.009;0.165;0.046;0.142;0.064;0.046;0.062;-0.007;0.054
20080101004007830;0.031;0.126;-0.037;-0.006;-0.062;0.02;0.076;0.044;0.152;0.03;0.171;0.086;0.082;0.138;0.022;0.07
20080101004007930;-0.021;0.151;-0.056;-0.052;-0.1;0.112;0.027;0.0;0.068;0.046;0.108;0.115;0.067;0.16;0.002;0.048
20080101004008030;0.022;0.1;-0.037;0.011;-0.109;0.044;-0.001;-0.003;0.096;0.023;0.174;0.061;0.091;0.151;-0.02;0.065
20080101004008130;-0.054;0.171;-0.053;-0.027;-0.043;0.093;0.013;-0.067;0.042;0.043;0.19;0.113;0.089;0.08;0.021;0.05
20080101004008230;0.007;0.079;-0.033;0.005;-0.09;0.039;-0.031;-0.042;0.054;0.027;0.151;0.105;0.048;0.116;-0.012;0.053
20080101004008330;-0.041;0.099;-0.046;-0.041;-0.035;0.096;0.024;-0.101;-0.02;0.048;0.182;0.059;0.073;0.082;0.031;0.075
20080101004008430;0.025;0.155;-0.033;0.012;-0.076;0.02;0.006;-0.116;0.019;0.021;0.125;0.105;0.028;0.122;0.004;0.061
20080101004008530;0.072;0.128;-0.053;-0.059;-0.019;0.019;0.053;-0.068;-0.001;0.049;0.168;0.031;0.08;0.121;0.027;0.07
20080101004008630;-0.023;0.194;-0.034;-0.023;-0.071;0.097;0.01;-0.094;0.005;0.025;0.123;0.079;0.062;0.076;0.005;0.052
20080101004008730;0.04;0.126;-0.049;-0.039;-0.031;0.047;0.045;-0.002;0.051;0.044;0.19;0.045;0.09;0.137;0.034;0.044
20080101004008830;-0.018;0.173;-0.056;-0.009;-0.103;0.085;0.022;-0.028;0.047;0.047;0.145;0.091;0.093;0.126;-0.011;0.063
20080101004008930;0.046;0.117;-0.033;0.024;-0.068;0.054;0.06;0.05;0.106;0.028;0.172;0.14;0.068;0.167;0.026;0.042
20080101004009030;-0.036;0.143;-0.058;-0.037;-0.115;0.11;0.037;0.026;0.072;0.05;0.143;0.068;0.095;0.169;-0.015;0.068
20080101004009130;-0.001;0.092;-0.034;-0.004;-0.039;0.056;0.069;0.07;0.179;0.027;0.183;0.106;0.093;0.13;-0.029;0.056
20080101004009230;0.03;0.142;-0.048;0.011;-0.057;0.099;0.062;0.012;0.14;0.055;0.137;0.05;0.048;0.051;0.004;0.075
20080101004009330;-0.018;0.111;-0.031;-0.031;-0.049;0.065;0.128;0.009;0.184;0.032;0.192;0.098;0.022;0.093;-0.032;0.08
20080101004009430;0.002;0.14;-0.049;0.012;0.009;0.105;0.106;0.06;0.175;0.053;0.12;0.065;0.04;0.056;0.011;0.046
20080101004009530;-0.042;0.108;-0.034;-0.038;0.034;0.055;0.146;0.043;0.109;0.031;0.19;0.107;0.009;0.083;-0.017;0.067
20080101004009630;0.028;0.15;-0.047;-0.054;0.028;0.079;0.09;0.102;0.092;0.048;0.209;0.139;0.05;0.046;0.008;0.047
20080101004009740;-0.019;0.11;-0.037;-0.012;-0.019;0.147;0.122;0.079;0.086;0.024;0.165;0.101;0.053;0.033;-0.033;0.07
20080101004009830;0.023;0.096;-0.05;-0.02;-0.003;0.119;0.082;0.111;0.145;0.045;0.204;0.07;0.015;0.082;0.002;0.051
20080101004009930;-0.056;0.138;-0.033;0.041;0.012;0.17;0.115;0.076;0.115;0.046;0.14;0.099;0.006;0.032;-0.031;0.081
20080101004010050;0.006;0.164;-0.053;-0.06;-0.05;0.119;0.075;0.11;0.156;0.027;0.17;0.103;0.045;0.062;-0.034;0.056
20080101004010150;-0.038;0.086;-0.038;0.058;0.026;0.078;0.116;0.105;0.118;0.046;0.188;0.073;0.016;0.029;0.009;0.072
20080101004010240;0.047;0.089;-0.026;-0.045;-0.059;0.101;0.096;0.068;0.175;0.032;0.132;0.139;0.049;0.099;-0.027;0.047
20080101004010340;-0.037;0.176;-0.049;0.006;0.001;0.034;0.117;0.021;0.215;0.025;0.191;0.088;0.024;0.049;0.029;0.066
20080101004010440;-0.04;0.092;-0.04;-0.06;-0.057;0.088;0.129;-0.012;0.166;0.046;0.205;0.113;0.065;0.134;-0.016;0.05
20080101004010540;0.041;0.154;-0.052;-0.001;-0.001;0.038;0.066;0.031;0.172;0.055;0.154;0.047;0.047;0.087;0.039;0.076
20080101004010640;0.009;0.121;-0.035;-0.057;-0.076;0.062;0.095;0.048;0.08;0.03;0.124;0.087;0.093;0.143;0.0;0.054
20080101004010740;0.073;0.154;-0.051;-0.005;-0.043;0.035;0.058;-0.002;0.127;0.046;0.165;0.055;0.049;0.082;0.034;0.07
20080101004010840;-0.018;0.172;-0.034;0.019;-0.099;0.082;0.031;0.033;0.049;0.023;0.135;0.102;0.033;0.114;0.0;0.043
20080101004010940;0.02;0.124;-0.048;-0.019;-0.042;0.08;0.011;-0.015;0.008;0.048;0.18;0.113;0.067;0.063;0.028;0.06
20080101004011040;-0.025;0.147;-0.036;0.006;-0.078;0.149;0.034;0.016;0.087;0.026;0.131;0.063;0.034;0.133;-0.01;0.047
20080101004011140;0.021;0.076;-0.035;-0.05;-0.094;0.118;-0.001;-0.047;0.023;0.052;0.188;0.042;0.091;0.086;-0.037;0.076
20080101004011240;-0.045;0.128;-0.048;0.02;-0.013;0.054;0.035;-0.031;0.09;0.032;0.187;0.081;0.075;0.152;0.006;0.045
20080101004011340;0.004;0.102;-0.034;-0.05;-0.05;0.033;0.004;-0.093;0.034;0.022;0.106;0.113;0.096;0.112;0.03;0.074
20080101004011450;-0.055;0.168;-0.029;-0.014;-0.015;0.098;0.071;-0.038;0.078;0.048;0.154;0.071;0.063;0.165;0.054;0.045
20080101004011540;0.055;0.122;-0.06;-0.053;-0.076;0.019;0.07;-0.051;0.03;0.02;0.188;0.099;0.042;0.111;-0.005;0.071
20080101004011640;0.077;0.102;-0.031;0.004;-0.056;0.077;0.026;0.008;0.112;0.045;0.181;0.022;0.105;0.128;-0.03;0.045
20080101004011740;-0.031;0.175;-0.049;-0.032;-0.095;0.045;0.062;-0.009;0.045;0.02;0.144;0.088;0.047;0.094;0.036;0.071
20080101004011850;-0.034;0.124;-0.035;0.001;-0.108;0.1;0.076;0.046;0.084;0.047;0.123;0.056;0.078;0.119;-0.021;0.053
20080101004011940;0.068;0.155;-0.061;0.02;-0.066;0.04;0.028;0.021;0.052;0.023;0.184;0.1;0.04;0.113;0.034;0.078
20080101004012040;-0.01;0.107;-0.042;-0.066;-0.097;0.123;0.085;0.039;0.127;0.041;0.149;0.133;0.07;0.053;-0.024;0.054
20080101004012150;0.02;0.07;-0.05;-0.07;-0.009;0.071;0.034;0.061;0.107;0.055;0.189;0.083;0.033;0.111;0.013;0.077
20080101004012240;-0.023;0.146;-0.03;0.023;-0.037;0.113;0.119;0.003;0.181;0.027;0.196;0.103;0.062;0.039;-0.033;0.048
20080101004012340;-0.004;0.114;-0.046;0.039;-0.041;0.058;0.097;0.034;0.136;0.047;0.132;0.052;0.028;0.095;0.018;0.068
20080101004012440;-0.038;0.14;-0.033;-0.017;0.021;0.111;0.134;0.02;0.183;0.034;0.164;0.116;0.059;0.05;-0.034;0.051
20080101004012550;0.022;0.102;-0.028;-0.075;0.044;0.077;0.101;0.08;0.21;0.046;0.141;0.067;0.023;0.083;0.027;0.082
20080101004012640;-0.016;0.099;-0.054;0.001;-0.035;0.127;0.125;0.043;0.13;0.023;0.209;0.06;0.056;0.071;-0.042;0.049
20080101004012740;0.011;0.137;-0.037;-0.062;-0.001;0.105;0.096;0.1;0.17;0.048;0.164;0.131;0.062;0.01;0.035;0.07
20080101004012840;-0.059;0.165;-0.056;0.016;-0.058;0.13;0.125;0.16;0.126;0.033;0.196;0.069;0.021;0.096;-0.048;0.057
20080101004012940;-0.049;0.108;-0.029;-0.05;-0.068;0.067;0.128;0.107;0.108;0.048;0.153;0.11;0.044;0.056;0.01;0.076
20080101004013040;0.045;0.093;-0.049;0.005;0.008;0.113;0.092;0.114;0.167;0.027;0.174;0.07;0.026;0.104;-0.048;0.048
20080101004013140;0.047;0.136;-0.028;-0.026;-0.027;0.08;0.076;0.043;0.128;0.023;0.125;0.125;0.022;0.042;0.009;0.072
20080101004013240;-0.037;0.177;-0.049;0.006;0.009;0.111;0.117;0.01;0.157;0.05;0.194;0.052;0.068;0.036;-0.037;0.051
20080101004013350;0.035;0.112;-0.051;0.019;0.027;0.06;0.067;0.04;0.117;0.032;0.209;0.077;0.032;0.102;0.015;0.068
20080101004013450;-0.033;0.139;-0.035;-0.051;-0.056;0.115;0.098;-0.015;0.157;0.053;0.139;0.125;0.058;0.128;-0.034;0.044
20080101004013550;0.013;0.092;-0.05;-0.001;-0.037;0.057;0.051;0.002;0.097;0.025;0.192;0.073;0.04;0.135;0.021;0.072
20080101004013650;-0.035;0.13;-0.032;-0.042;-0.068;0.036;0.071;-0.024;0.105;0.045;0.152;0.121;0.097;0.08;0.001;0.047
20080101004013750;-0.03;0.102;-0.05;0.002;-0.011;0.09;0.032;0.022;0.038;0.031;0.177;0.064;0.062;0.113;0.024;0.075
20080101004013850;-0.005;0.153;-0.029;-0.064;-0.089;0.069;0.049;-0.005;0.075;0.026;0.135;0.105;0.102;0.12;-0.003;0.046
20080101004013950;0.081;0.114;-0.046;-0.023;-0.103;0.102;0.006;-0.005;0.005;0.045;0.168;0.037;0.05;0.173;0.024;0.078
20080101004014050;0.088;0.176;-0.034;0.013;-0.059;0.055;0.042;0.004;0.055;0.025;0.123;0.081;0.094;0.13;-0.007;0.049
20080101004014160;-0.012;0.147;-0.046;-0.031;-0.08;0.089;0.005;-0.062;0.002;0.047;0.172;0.035;0.104;0.098;0.035;0.078
20080101004014250;-0.02;0.177;-0.024;-0.049;-0.028;0.034;0.051;-0.049;0.062;0.024;0.204;0.095;0.067;0.161;0.044;0.049
20080101004014350;0.034;0.096;-0.044;0.003;-0.008;0.013;0.03;-0.1;0.099;0.043;0.137;0.153;0.102;0.091;-0.008;0.08
20080101004014450;0.065;0.087;-0.033;-0.056;-0.071;0.077;0.052;-0.036;0.053;0.026;0.195;0.083;0.043;0.154;0.034;0.049
20080101004014550;-0.042;0.143;-0.049;-0.073;-0.116;0.051;0.049;-0.067;0.065;0.049;0.157;0.113;0.073;0.069;0.003;0.073
20080101004014650;0.003;0.162;-0.035;0.024;-0.043;0.084;0.01;0.006;0.13;0.031;0.187;0.042;0.034;0.139;0.034;0.049
20080101004014750;-0.028;0.161;-0.059;-0.037;-0.11;0.048;0.048;-0.01;0.057;0.045;0.124;0.096;0.078;0.063;-0.014;0.09
20080101004014850;0.069;0.105;-0.023;-0.052;-0.059;0.116;0.09;0.068;0.122;0.034;0.1;0.056;0.045;0.105;0.043;0.05
20080101004014950;0.103;0.079;-0.051;0.014;-0.02;0.049;0.061;0.041;0.099;0.045;0.188;0.114;0.04;0.133;0.043;0.078
20080101004015050;-0.051;0.193;-0.031;-0.036;-0.079;0.099;0.121;0.089;0.083;0.032;0.147;0.085;0.07;0.079;-0.031;0.052
20080101004015150;0.032;0.107;-0.051;0.001;-0.006;0.057;0.101;0.093;0.161;0.03;0.214;0.116;0.039;0.085;0.028;0.074
20080101004015250;-0.038;0.152;-0.038;-0.042;-0.024;0.117;0.14;0.046;0.133;0.045;0.138;0.131;0.066;0.037;-0.026;0.047
20080101004015350;0.037;0.085;-0.049;-0.05;-0.021;0.077;0.113;0.085;0.187;0.028;0.192;0.056;0.008;0.092;0.012;0.072
20080101004015450;-0.03;0.133;-0.033;0.017;0.034;0.139;0.131;0.042;0.128;0.042;0.125;0.102;0.035;0.11;-0.032;0.049
20080101004015550;-0.082;0.08;-0.045;-0.041;-0.005;0.114;0.09;0.11;0.179;0.027;0.174;0.055;0.058;0.042;0.004;0.078
20080101004015650;-0.043;0.12;-0.032;0.041;0.048;0.158;0.124;0.068;0.128;0.04;0.146;0.112;0.017;0.077;-0.048;0.042
20080101004015750;0.02;0.095;-0.045;0.041;-0.045;0.112;0.093;0.109;0.161;0.028;0.196;0.078;0.056;0.011;-0.004;0.065
20080101004015850;-0.031;0.152;-0.035;-0.061;-0.004;0.164;0.068;0.137;0.113;0.05;0.194;0.127;0.017;0.096;-0.043;0.054
20080101004015950;-0.039;0.117;-0.056;-0.016;-0.045;0.139;0.068;0.075;0.135;0.027;0.133;0.141;0.058;0.108;0.005;0.08
20080101004016050;0.05;0.107;-0.034;-0.071;-0.003;0.063;0.113;0.024;0.093;0.051;0.191;0.074;0.027;0.108;0.032;0.057
20080101004016150;-0.026;0.169;-0.051;-0.013;-0.052;0.091;0.061;0.064;0.187;0.036;0.119;0.099;0.056;0.03;-0.023;0.072
20080101004016250;0.043;0.125;-0.037;-0.05;-0.101;-0.003;0.107;-0.012;0.135;0.022;0.207;0.028;0.039;0.092;0.02;0.042
20080101004016350;0.004;0.11;-0.028;0.003;-0.044;0.057;0.063;0.029;0.158;0.045;0.168;0.095;0.011;0.138;0.043;0.065
20080101004016450;0.053;0.165;-0.051;0.015;-0.101;0.01;0.085;-0.023;0.072;0.034;0.188;0.134;0.07;0.069;-0.018;0.043
20080101004016560;-0.021;0.107;-0.039;-0.056;-0.045;0.01;0.034;-0.001;0.108;0.024;0.145;0.084;0.046;0.157;0.05;0.07
20080101004016650;-0.031;0.186;-0.047;-0.009;-0.099;0.08;0.044;-0.037;0.061;0.047;0.106;0.1;0.099;0.093;-0.014;0.082
20080101004016760;0.075;0.1;-0.033;-0.053;-0.046;0.048;-0.028;0.011;0.099;0.029;0.174;0.055;0.056;0.129;0.051;0.075
20080101004016860;0.007;0.135;-0.05;-0.002;-0.092;0.104;0.014;-0.053;0.018;0.052;0.138;0.117;0.086;0.076;-0.02;0.048
20080101004016960;-0.032;0.107;-0.032;-0.045;-0.12;0.103;0.035;-0.013;0.06;0.031;0.18;0.046;0.048;0.133;0.02;0.063
20080101004017060;0.029;0.176;-0.045;0.036;-0.037;0.031;0.072;-0.067;0.02;0.05;0.147;0.11;0.082;0.102;-0.016;0.048
20080101004017160;-0.025;0.098;-0.027;-0.018;-0.093;0.078;0.026;-0.041;0.065;0.035;0.184;0.046;0.06;0.148;0.045;0.043
20080101004017260;0.037;0.138;-0.046;0.007;0.002;0.025;0.066;-0.077;0.007;0.048;0.132;0.079;0.089;0.11;-0.038;0.076
20080101004017360;-0.042;0.105;-0.032;-0.064;-0.063;0.095;0.083;-0.075;0.062;0.032;0.115;0.057;0.101;0.093;0.045;0.058
20080101004017460;0.029;0.178;-0.051;0.029;0.013;0.047;0.043;-0.001;0.11;0.052;0.19;0.054;0.058;0.145;-0.022;0.08
20080101004017560;-0.05;0.127;-0.038;-0.032;-0.083;0.124;0.084;-0.015;0.06;0.029;0.153;0.117;0.077;0.07;0.035;0.052
20080101004017660;0.046;0.159;-0.053;-0.057;-0.033;0.068;0.022;0.063;0.117;0.031;0.199;0.089;0.042;0.116;-0.046;0.064
20080101004017760;0.038;0.097;-0.031;0.007;-0.08;0.101;0.082;0.087;0.091;0.048;0.159;0.133;0.079;0.069;0.026;0.05
20080101004017860;-0.036;0.161;-0.045;-0.043;-0.046;0.066;0.062;0.058;0.161;0.029;0.184;0.088;0.085;0.146;-0.056;0.065
20080101004017960;0.003;0.121;-0.029;0.009;-0.023;0.095;0.103;0.078;0.121;0.052;0.139;0.053;0.041;0.097;0.04;0.051
20080101004018060;-0.044;0.157;-0.048;-0.032;-0.066;0.064;0.086;0.024;0.188;0.031;0.125;0.106;0.074;0.098;-0.05;0.075
20080101004018160;0.063;0.105;-0.033;0.008;-0.011;0.102;0.142;0.065;0.141;0.021;0.207;0.065;0.031;0.059;0.012;0.058
20080101004018260;-0.048;0.145;-0.029;-0.055;0.026;0.065;0.118;0.05;0.185;0.049;0.15;0.128;0.051;0.024;-0.052;0.046
20080101004018360;0.037;0.099;-0.049;-0.045;-0.022;0.056;0.145;0.088;0.119;0.053;0.208;0.081;0.009;0.057;0.022;0.074
20080101004018460;-0.048;0.145;-0.03;0.011;0.002;0.076;0.079;0.064;0.164;0.026;0.158;0.133;0.029;0.026;-0.052;0.048
20080101004018560;0.02;0.108;-0.049;0.03;-0.053;0.161;0.119;0.103;0.116;0.049;0.136;0.079;0.008;0.079;0.011;0.068
20080101004018670;-0.04;0.087;-0.035;-0.055;-0.015;0.105;0.052;0.107;0.178;0.03;0.182;0.101;0.031;0.028;-0.062;0.085
20080101004018760;0.026;0.159;-0.025;0.009;-0.047;0.138;0.078;0.055;0.131;0.05;0.133;0.07;0.067;0.037;0.014;0.053
20080101004018860;0.038;0.099;-0.047;-0.043;0.005;0.072;0.048;0.084;0.173;0.03;0.183;0.131;0.022;0.085;-0.034;0.071
20080101004018960;-0.038;0.143;-0.036;0.002;-0.071;0.104;0.109;0.005;0.114;0.045;0.15;0.096;0.075;0.082;0.036;0.044
20080101004019060;0.013;0.106;-0.028;0.017;-0.022;0.023;0.088;0.036;0.17;0.029;0.17;0.133;0.035;0.129;0.042;0.064
20080101004019160;0.072;0.15;-0.047;-0.041;-0.067;0.064;0.114;-0.002;0.132;0.052;0.203;0.047;0.067;0.061;-0.022;0.044
20080101004019260;0.01;0.107;-0.03;-0.069;-0.032;0.03;0.084;0.026;0.152;0.026;0.165;0.05;0.053;0.121;0.052;0.073
20080101004019360;-0.024;0.174;-0.055;-0.006;-0.007;0.073;0.094;-0.01;0.058;0.044;0.168;0.107;0.051;0.105;-0.022;0.077
20080101004019460;0.058;0.177;-0.045;-0.067;-0.097;0.088;0.074;-0.018;0.03;0.024;0.096;0.043;0.093;0.154;0.041;0.049
20080101004019560;-0.011;0.122;-0.05;0.002;-0.02;0.058;0.016;0.043;0.076;0.048;0.147;0.097;0.076;0.162;-0.033;0.07
20080101004019660;0.081;0.146;-0.031;-0.023;-0.087;0.133;0.038;-0.016;0.018;0.026;0.12;0.062;0.107;0.118;0.026;0.046
20080101004019760;-0.002;0.124;-0.027;0.01;-0.051;0.085;-0.001;0.009;0.075;0.051;0.176;0.111;0.067;0.162;-0.034;0.068
20080101004019870;-0.053;0.139;-0.05;0.053;-0.077;0.125;0.033;-0.071;0.017;0.029;0.152;0.075;0.089;0.095;0.031;0.045
20080101004019960;-0.053;0.085;-0.033;-0.032;-0.009;0.065;0.008;-0.04;0.081;0.045;0.175;0.105;0.047;0.138;-0.024;0.07
20080101004020070;0.019;0.133;-0.043;-0.083;-0.043;0.087;0.047;-0.085;0.061;0.031;0.132;0.062;0.071;0.067;0.042;0.052
20080101004020170;-0.031;0.095;-0.027;-0.032;-0.001;0.027;0.036;-0.046;0.096;0.052;0.175;0.101;0.033;0.107;-0.002;0.077
20080101004020280;0.055;0.155;-0.051;0.007;-0.031;0.017;0.069;-0.066;0.054;0.027;0.174;0.064;0.079;0.095;0.042;0.058
20080101004020370;-0.015;0.193;-0.033;0.036;-0.087;0.084;0.048;0.007;0.101;0.047;0.132;0.101;0.057;0.115;-0.005;0.079
20080101004020480;0.069;0.138;-0.046;-0.028;-0.125;0.041;0.098;0.079;0.089;0.023;0.173;0.057;0.081;0.133;0.048;0.042
20080101004020570;0.015;0.172;-0.025;0.018;-0.08;0.021;0.044;0.051;0.134;0.044;0.151;0.109;0.056;0.089;-0.017;0.072
20080101004020670;0.068;0.114;-0.047;-0.039;-0.098;0.071;0.082;0.107;0.085;0.052;0.172;0.081;0.073;0.117;0.021;0.049
20080101004020770;-0.048;0.13;-0.036;-0.08;-0.052;0.103;0.06;0.054;0.151;0.025;0.13;0.127;0.076;0.053;-0.015;0.066
20080101004020870;-0.008;0.094;-0.052;0.015;-0.052;0.06;0.104;0.08;0.195;0.049;0.176;0.114;0.036;0.12;0.013;0.038
20080101004020970;-0.042;0.125;-0.034;-0.028;-0.008;0.107;0.082;0.018;0.15;0.022;0.185;0.059;0.019;0.033;-0.029;0.076
20080101004021070;-0.047;0.089;-0.02;0.018;-0.026;0.125;0.135;0.062;0.192;0.046;0.155;0.116;0.043;0.085;-0.002;0.052
20080101004021170;0.011;0.12;-0.039;0.023;0.032;0.089;0.111;0.021;0.123;0.034;0.198;0.077;0.018;0.038;-0.041;0.093
20080101004021270;-0.031;0.107;-0.031;-0.044;0.063;0.14;0.139;0.034;0.151;0.044;0.142;0.104;0.057;0.033;-0.007;0.058
20080101004021370;0.014;0.158;-0.046;0.0;0.063;0.1;0.085;0.078;0.089;0.029;0.194;0.057;0.014;0.08;0.002;0.07
20080101004021470;-0.03;0.096;-0.036;-0.071;-0.014;0.164;0.106;0.098;0.114;0.046;0.146;0.108;0.047;0.029;-0.037;0.043
20080101004021570;0.01;0.146;-0.054;0.016;-0.048;0.161;0.054;0.098;0.084;0.035;0.146;0.061;0.024;0.07;-0.054;0.063
20080101004021690;-0.025;0.09;-0.027;-0.02;-0.079;0.107;0.087;0.115;0.083;0.049;0.201;0.101;0.054;0.098;0.007;0.046
20080101004021770;-0.052;0.15;-0.042;0.007;-0.041;0.111;0.103;0.066;0.134;0.03;0.146;0.075;0.038;0.06;-0.047;0.068
20080101004021870;0.001;0.145;-0.029;-0.055;-0.011;0.019;0.062;0.082;0.11;0.045;0.208;0.133;0.066;0.112;0.02;0.049
20080101004021970;0.038;0.106;-0.049;0.002;-0.074;0.08;0.091;-0.01;0.174;0.035;0.155;0.05;0.052;0.151;-0.018;0.076
20080101004022070;-0.017;0.1;-0.036;-0.043;-0.024;0.033;0.056;-0.049;0.135;0.049;0.139;0.102;0.093;0.11;0.049;0.078
20080101004022170;0.039;0.161;-0.048;-0.051;-0.083;0.061;0.078;-0.002;0.174;0.029;0.128;0.05;0.062;0.135;0.001;0.045
20080101004022270;-0.012;0.175;-0.052;-0.014;-0.064;0.017;0.036;-0.037;0.076;0.026;0.191;0.096;0.085;0.149;0.044;0.078
20080101004022370;0.071;0.125;-0.034;-0.056;-0.095;0.068;0.061;0.024;0.093;0.047;0.147;0.066;0.046;0.088;-0.006;0.05
20080101004022470;0.005;0.155;-0.051;0.013;-0.112;0.029;0.004;-0.026;0.012;0.031;0.172;0.143;0.078;0.117;0.051;0.073
20080101004022570;0.05;0.118;-0.033;-0.045;-0.041;0.113;0.034;0.021;-0.017;0.02;0.133;0.083;0.046;0.083;-0.013;0.05
20080101004022680;-0.015;0.165;-0.05;0.001;-0.073;0.06;-0.005;-0.049;0.061;0.053;0.16;0.046;0.077;0.11;0.02;0.071
20080101004022770;-0.058;0.103;-0.034;-0.035;-0.034;0.134;0.03;-0.026;0.034;0.023;0.173;0.036;0.05;0.076;-0.014;0.049
20080101004022870;0.029;0.153;-0.047;0.002;-0.047;0.061;0.027;-0.08;0.116;0.05;0.118;0.09;0.079;0.125;0.03;0.067
20080101004022970;-0.022;0.102;-0.024;0.023;0.024;0.009;0.063;-0.052;0.058;0.035;0.184;0.06;0.046;0.157;-0.016;0.045
20080101004023070;0.008;0.156;-0.045;-0.05;-0.027;0.085;0.097;-0.046;0.12;0.046;0.157;0.124;0.068;0.091;0.024;0.074
20080101004023170;-0.034;0.126;-0.035;-0.006;-0.017;0.038;0.062;0.008;0.067;0.028;0.189;0.083;0.055;0.121;-0.017;0.058
20080101004023270;0.03;0.11;-0.049;-0.036;-0.071;0.104;0.083;0.015;0.119;0.043;0.132;0.109;0.1;0.087;0.023;0.068
20080101004023390;0.007;0.152;-0.037;0.011;-0.033;0.079;0.053;0.069;0.154;0.05;0.167;0.057;0.056;0.16;-0.009;0.077
20080101004023480;0.046;0.116;-0.053;-0.047;-0.081;0.107;0.095;0.058;0.09;0.025;0.129;0.096;0.081;0.098;0.027;0.058
20080101004023590;-0.009;0.176;-0.028;-0.002;-0.085;0.071;0.075;0.121;0.127;0.049;0.115;0.05;0.048;0.103;-0.022;0.066
20080101004023680;0.027;0.113;-0.049;-0.03;-0.024;0.105;0.108;0.071;0.079;0.027;0.182;0.11;0.071;0.054;0.01;0.041
20080101004023780;-0.029;0.139;-0.032;0.01;-0.045;0.066;0.118;0.096;0.075;0.052;0.207;0.085;0.014;0.08;-0.031;0.081
20080101004023880;-0.008;0.11;-0.045;-0.052;0.014;0.123;0.077;0.021;0.188;0.029;0.158;0.125;0.04;0.013;0.023;0.05
20080101004023980;0.0;0.099;-0.031;-0.001;0.002;0.09;0.116;0.038;0.147;0.047;0.19;0.075;0.009;0.096;-0.042;0.079
20080101004024080;-0.055;0.135;-0.045;-0.032;0.033;0.125;0.068;0.002;0.193;0.033;0.16;0.07;0.042;0.026;-0.006;0.059
20080101004024180;0.002;0.085;-0.031;0.004;0.059;0.091;0.107;-0.016;0.141;0.025;0.19;0.126;0.058;0.06;-0.033;0.046
20080101004024280;-0.064;0.162;-0.043;-0.03;-0.005;0.13;0.067;0.074;0.174;0.052;0.158;0.077;0.024;0.046;0.027;0.073
20080101004024380;0.033;0.089;-0.025;0.026;0.0;0.076;0.108;0.051;0.127;0.029;0.193;0.112;0.012;0.08;-0.043;0.049
20080101004024480;-0.047;0.139;-0.046;-0.01;-0.094;0.115;0.074;0.104;0.098;0.047;0.144;0.073;0.041;0.056;0.006;0.035
20080101004024580;0.003;0.111;-0.033;0.003;-0.098;0.065;0.066;0.065;0.158;0.052;0.188;0.112;0.046;0.1;-0.016;0.073
20080101004024680;-0.038;0.155;-0.049;-0.039;-0.046;0.081;0.103;0.09;0.101;0.026;0.138;0.05;0.085;0.058;0.028;0.048
20080101004024780;0.032;0.122;-0.054;-0.005;-0.087;0.026;0.073;0.024;0.135;0.045;0.181;0.06;0.052;0.155;-0.023;0.073
20080101004024880;0.071;0.172;-0.033;-0.085;-0.036;0.068;0.11;0.049;0.087;0.029;0.143;0.103;0.073;0.1;0.034;0.078
20080101004024980;0.004;0.191;-0.049;-0.027;-0.059;0.064;0.09;-0.012;0.142;0.051;0.205;0.127;0.088;0.134;-0.014;0.041
20080101004025080;0.022;0.131;-0.05;0.005;0.005;0.096;0.035;0.001;0.089;0.024;0.161;0.055;0.066;0.092;0.03;0.068
20080101004025180;-0.048;0.154;-0.026;0.03;-0.041;0.065;0.061;-0.035;0.038;0.047;0.18;0.079;0.086;0.122;-0.011;0.043
20080101004025280;0.001;0.085;-0.043;-0.048;0.016;0.109;0.017;-0.013;0.084;0.029;0.11;0.056;0.056;0.08;0.032;0.082
20080101004025380;-0.037;0.114;-0.032;0.01;-0.069;0.132;0.029;-0.063;0.021;0.045;0.107;0.097;0.037;0.141;-0.024;0.052
20080101004025480;-0.085;0.072;-0.047;-0.033;0.001;0.083;-0.004;-0.017;0.002;0.027;0.173;0.11;0.074;0.104;0.023;0.087
20080101004025580;0.011;0.135;-0.031;-0.057;-0.084;0.109;0.026;-0.037;0.047;0.05;0.157;0.069;0.094;0.081;-0.021;0.049
20080101004025680;0.017;0.167;-0.052;0.005;-0.052;0.067;0.023;-0.005;-0.001;0.026;0.204;0.092;0.065;0.067;0.024;0.07
20080101004025780;0.116;0.126;-0.032;-0.03;-0.093;0.074;0.06;-0.035;0.083;0.055;0.131;0.051;0.083;0.133;-0.012;0.046
20080101004025880;0.04;0.19;-0.052;0.005;-0.059;0.027;0.027;-0.024;0.063;0.025;0.166;0.108;0.046;0.167;0.039;0.051
20080101004025980;-0.001;0.164;-0.032;-0.053;-0.103;0.051;0.068;0.007;0.094;0.052;0.126;0.077;0.079;0.088;0.002;0.081
20080101004026080;0.056;0.186;-0.051;-0.007;-0.047;-0.005;0.042;-0.024;0.135;0.026;0.175;0.053;0.098;0.121;0.038;0.064
20080101004026180;0.0;0.127;-0.035;-0.053;-0.087;0.007;0.089;0.062;0.185;0.046;0.142;0.051;0.053;0.072;-0.01;0.074
20080101004026280;-0.039;0.088;-0.046;0.007;-0.123;0.086;0.058;-0.009;0.124;0.031;0.205;0.139;0.076;0.114;0.04;0.048
20080101004026380;-0.072;0.128;-0.024;-0.05;-0.059;0.056;0.049;0.059;0.183;0.05;0.14;0.08;0.024;0.118;-0.027;0.038
20080101004026480;0.029;0.084;-0.045;0.015;0.004;0.091;0.101;0.084;0.09;0.034;0.195;0.119;0.057;0.057;0.024;0.066
20080101004026580;-0.027;0.149;-0.034;-0.028;-0.011;0.069;0.069;0.045;0.131;0.046;0.133;0.08;0.066;0.077;-0.061;0.051
20080101004026690;0.065;0.124;-0.042;0.002;0.048;0.17;0.096;0.093;0.107;0.029;0.18;0.107;0.025;-0.002;0.038;0.077
20080101004026790;-0.007;0.103;-0.032;-0.043;0.011;0.126;0.077;0.062;0.163;0.049;0.127;0.057;0.011;0.061;-0.081;0.056
20080101004026890;0.034;0.168;-0.051;0.024;0.037;0.166;0.121;0.104;0.106;0.03;0.203;0.117;0.008;0.087;0.031;0.074
20080101004026990;-0.062;0.107;-0.025;-0.038;-0.039;0.147;0.137;0.113;0.169;0.048;0.153;0.053;0.04;0.034;-0.054;0.047
20080101004027090;-0.017;0.119;-0.043;0.018;0.054;0.084;0.137;0.05;0.104;0.026;0.18;0.13;0.062;0.088;0.018;0.07
20080101004027200;-0.081;0.058;-0.03;-0.043;-0.045;0.046;0.09;0.094;0.12;0.047;0.197;0.082;0.032;0.066;-0.074;0.044
20080101004027290;-0.075;0.148;-0.045;0.027;-0.014;0.106;0.117;0.062;0.167;0.054;0.158;0.126;0.062;0.117;0.039;0.072
20080101004027390;0.051;0.096;-0.027;-0.048;-0.077;0.119;0.069;0.088;0.183;0.032;0.134;0.06;0.047;0.091;-0.059;0.051
20080101004027490;-0.004;0.163;-0.047;0.009;-0.027;0.076;0.093;0.025;0.107;0.045;0.172;0.044;0.075;0.133;0.049;0.044
20080101004027590;0.048;0.131;-0.031;-0.039;-0.075;0.113;0.05;0.056;0.14;0.027;0.139;0.128;0.052;0.076;-0.056;0.08
20080101004027690;0.007;0.162;-0.048;-0.009;-0.025;0.007;0.03;0.002;0.059;0.041;0.164;0.093;0.075;0.116;0.058;0.045
20080101004027790;0.049;0.171;-0.027;-0.038;-0.084;0.088;0.071;0.015;0.117;0.053;0.193;0.125;0.037;0.135;-0.035;0.034
20080101004027890;0.041;0.107;-0.048;0.009;-0.054;0.004;0.075;-0.026;0.048;0.026;0.134;0.061;0.07;0.079;0.05;0.074
20080101004027990;-0.076;0.164;-0.049;-0.049;-0.083;0.074;0.063;-0.011;0.11;0.045;0.204;0.119;0.037;0.114;-0.018;0.043
20080101004028090;0.032;0.09;-0.027;-0.013;-0.092;0.097;0.015;-0.085;0.063;0.029;0.142;0.057;0.074;0.063;0.051;0.066
20080101004028190;-0.033;0.138;-0.05;0.01;-0.023;0.011;0.004;-0.028;0.082;0.046;0.173;0.101;0.038;0.104;-0.019;0.075
20080101004028290;0.024;0.112;-0.033;-0.048;-0.083;0.081;0.046;-0.063;0.039;0.021;0.109;0.035;0.092;0.092;0.051;0.052
20080101004028390;-0.015;0.175;-0.047;0.012;-0.043;0.049;0.004;-0.002;0.08;0.045;0.157;0.092;0.061;0.155;-0.019;0.071
20080101004028490;0.048;0.136;-0.027;0.016;-0.095;0.094;0.037;-0.039;0.04;0.033;0.134;0.122;0.096;0.122;0.026;0.049
20080101004028600;0.009;0.119;-0.045;-0.05;-0.05;0.064;0.02;0.023;0.095;0.05;0.19;0.071;0.078;0.153;-0.016;0.046
20080101004028690;0.044;0.159;-0.036;-0.015;-0.108;0.097;0.059;-0.02;0.123;0.018;0.151;0.11;0.103;0.084;0.043;0.074
20080101004028790;0.002;0.162;-0.045;-0.07;-0.049;0.052;0.052;0.026;0.046;0.046;0.183;0.058;0.067;0.142;-0.031;0.057
20080101004028890;0.011;0.111;-0.052;0.012;-0.002;0.025;0.078;-0.007;0.106;0.034;0.118;0.095;0.042;0.121;0.042;0.071
20080101004029000;-0.024;0.135;-0.031;-0.066;-0.054;0.069;0.112;0.037;0.052;0.052;0.125;0.095;0.074;0.084;-0.011;0.072
20080101004029090;-0.043;0.151;-0.043;0.014;-0.032;0.068;0.065;-0.008;0.132;0.023;0.191;0.033;0.025;0.105;-0.051;0.047
20080101004029190;0.034;0.09;-0.03;0.012;-0.056;0.128;0.113;0.058;0.154;0.049;0.146;0.088;0.069;0.05;0.03;0.03
20080101004029290;-0.024;0.137;-0.053;-0.05;-0.006;0.103;0.058;0.025;0.094;0.028;0.213;0.068;0.034;0.087;-0.054;0.064
20080101004029390;0.025;0.167;-0.031;0.01;-0.052;0.156;0.084;0.064;0.07;0.045;0.138;0.174;0.065;0.114;0.029;0.049
20080101004029490;-0.022;0.103;-0.039;-0.041;0.029;0.065;0.062;0.047;0.174;0.03;0.205;0.09;0.029;0.115;-0.018;0.069
20080101004029590;0.027;0.134;-0.052;0.024;-0.03;0.125;0.107;0.074;0.118;0.047;0.149;0.11;0.072;0.039;-0.056;0.052
20080101004029690;0.038;0.154;-0.031;-0.036;-0.009;0.094;0.078;0.056;0.173;0.023;0.186;0.053;0.027;0.021;0.009;0.071
20080101004029790;-0.026;0.107;-0.044;0.015;-0.063;0.102;0.126;0.098;0.138;0.049;0.152;0.101;0.049;0.085;-0.053;0.041
20080101004029890;-0.081;0.095;-0.035;-0.022;-0.01;0.109;0.109;0.042;0.17;0.023;0.211;0.065;0.016;0.049;0.006;0.075
20080101004030000;-0.002;0.144;-0.048;-0.002;0.004;0.048;0.134;0.091;0.126;0.043;0.121;0.112;0.056;0.107;0.013;0.045
20080101004030100;0.024;0.109;-0.026;-0.061;-0.073;0.119;0.127;0.038;0.15;0.031;0.199;0.064;0.073;0.065;-0.03;0.063
20080101004030200;-0.017;0.146;-0.042;0.002;0.035;0.04;0.073;0.076;0.154;0.027;0.15;0.109;0.089;0.063;0.011;0.053
20080101004030300;0.061;0.109;-0.027;0.034;-0.046;0.138;0.097;0.027;0.101;0.055;0.192;0.082;0.044;0.116;-0.015;0.071
20080101004030400;-0.027;0.185;-0.047;-0.036;-0.022;0.149;0.044;0.071;0.164;0.032;0.149;0.108;0.06;0.078;-0.039;0.074
20080101004030510;0.048;0.126;-0.025;0.003;-0.005;0.133;0.08;0.044;0.078;0.052;0.182;0.056;0.031;0.059;0.016;0.054
20080101004030600;-0.046;0.14;-0.042;-0.051;-0.058;0.079;0.031;-0.008;0.103;0.03;0.157;0.095;0.072;0.098;-0.012;0.04
20080101004030700;0.019;0.096;-0.028;0.031;-0.009;0.085;0.079;0.014;0.063;0.047;0.175;0.105;0.053;0.08;0.012;0.069
20080101004030800;-0.044;0.092;-0.042;-0.042;-0.066;0.038;0.045;-0.032;0.116;0.051;0.143;0.052;0.088;0.138;-0.015;0.051
20080101004030910;-0.018;0.164;-0.028;-0.011;-0.045;0.076;0.084;0.009;0.08;0.034;0.171;0.097;0.051;0.154;0.039;0.069
20080101004031000;0.046;0.107;-0.049;-0.051;-0.088;0.038;0.057;-0.05;0.118;0.051;0.197;0.051;0.097;0.119;-0.013;0.04
20080101004031100;0.01;0.163;-0.033;-0.011;-0.052;0.072;0.079;0.002;0.064;0.033;0.13;0.095;0.053;0.072;0.042;0.07
20080101004031200;0.076;0.146;-0.045;-0.053;-0.074;0.031;0.01;-0.031;0.032;0.045;0.176;0.056;0.076;0.136;-0.008;0.053
20080101004031300;0.023;0.184;-0.026;0.003;-0.05;0.076;0.046;0.022;0.078;0.026;0.114;0.087;0.042;0.085;0.034;0.07
20080101004031400;0.062;0.121;-0.045;-0.032;-0.099;0.038;0.003;-0.028;0.056;0.046;0.157;0.067;0.073;0.145;-0.013;0.052
20080101004031500;-0.004;0.157;-0.025;0.016;-0.077;0.093;0.002;0.001;0.097;0.02;0.13;0.097;0.09;0.099;0.025;0.067
20080101004031610;-0.056;0.102;-0.046;-0.033;-0.096;0.093;0.051;-0.04;0.068;0.043;0.193;0.063;0.068;0.132;-0.023;0.078
20080101004031700;-0.009;0.134;-0.031;-0.008;-0.033;0.024;0.012;-0.011;0.121;0.029;0.16;0.098;0.081;0.096;0.037;0.051
20080101004031800;-0.035;0.116;-0.045;-0.05;-0.06;0.059;0.063;-0.054;0.078;0.024;0.127;0.072;0.033;0.125;-0.025;0.074
20080101004031900;0.024;0.142;-0.027;-0.056;0.001;0.001;0.089;-0.011;0.065;0.05;0.184;0.107;0.071;0.078;0.031;0.041
20080101004032000;0.062;0.107;-0.05;0.009;0.005;0.063;0.061;-0.039;0.14;0.031;0.135;0.131;0.048;0.102;-0.035;0.074
20080101004032100;-0.002;0.166;-0.032;-0.033;-0.064;0.063;0.094;0.008;0.105;0.043;0.201;0.027;0.034;0.071;0.023;0.078
20080101004032200;0.036;0.175;-0.044;0.004;-0.016;0.131;0.064;0.071;0.147;0.022;0.132;0.091;0.082;0.076;-0.03;0.044
20080101004032300;0.058;0.109;-0.03;-0.034;-0.043;0.09;0.103;0.102;0.067;0.046;0.175;0.131;0.049;0.158;0.006;0.063
20080101004032400;-0.003;0.147;-0.045;-0.067;0.003;0.145;0.076;0.054;0.09;0.031;0.186;0.078;0.084;0.093;-0.027;0.049
20080101004032500;-0.044;0.073;-0.028;-0.011;-0.048;0.091;0.105;0.121;0.171;0.049;0.128;0.124;0.052;0.108;0.023;0.068
20080101004032600;-0.088;0.108;-0.047;-0.041;-0.038;0.135;0.086;0.112;0.129;0.027;0.189;0.069;0.011;0.068;-0.047;0.052
20080101004032700;-0.017;0.074;-0.032;0.022;0.019;0.15;0.136;0.054;0.163;0.048;0.143;0.108;0.071;0.043;-0.023;0.08
20080101004032800;-0.046;0.145;-0.046;-0.04;-0.002;0.104;0.106;0.075;0.175;0.019;0.208;0.058;0.032;0.09;-0.046;0.059
20080101004032900;-0.008;0.118;-0.031;-0.045;0.028;0.127;0.133;0.036;0.13;0.042;0.129;0.117;0.016;0.051;0.031;0.079
20080101004033010;0.043;0.164;-0.042;0.007;0.034;0.064;0.125;0.09;0.173;0.032;0.198;0.06;0.062;0.092;-0.021;0.051
20080101004033100;0.059;0.11;-0.032;-0.034;-0.031;0.113;0.094;0.033;0.096;0.049;0.154;0.113;0.044;0.056;0.029;0.066
20080101004033200;-0.006;0.164;-0.045;0.011;-0.024;0.081;0.096;0.074;0.158;0.034;0.201;0.073;0.061;0.11;-0.022;0.037
20080101004033300;0.028;0.115;-0.03;-0.032;-0.086;0.128;0.048;0.036;0.094;0.028;0.136;0.109;0.04;0.052;0.033;0.071
20080101004033410;-0.02;0.147;-0.047;0.015;-0.041;0.048;0.075;0.088;0.122;0.043;0.195;0.074;0.048;0.087;-0.017;0.058
20080101004033510;0.038;0.107;-0.052;-0.065;-0.128;0.085;0.079;0.001;0.086;0.029;0.122;0.111;0.013;0.041;0.03;0.079
20080101004033610;-0.028;0.172;-0.032;0.001;-0.049;0.005;0.041;0.024;0.135;0.043;0.168;0.118;0.055;0.025;-0.01;0.052
20080101004033710;0.062;0.106;-0.048;-0.063;-0.071;0.069;0.067;-0.052;0.09;0.024;0.2;0.062;0.031;0.122;0.027;0.07
20080101004033810;-0.021;0.181;-0.027;-0.009;-0.032;0.026;0.035;-0.02;0.165;0.042;0.13;0.099;0.085;0.085;-0.012;0.049
20080101004033910;0.027;0.137;-0.038;0.011;-0.06;0.082;0.072;-0.074;0.082;0.05;0.183;0.06;0.061;0.165;0.051;0.067
20080101004034010;0.059;0.171;-0.028;-0.039;-0.078;0.037;0.026;-0.018;0.095;0.026;0.145;0.06;0.098;0.105;-0.007;0.05
20080101004034110;0.003;0.121;-0.046;0.012;-0.006;0.041;0.061;-0.043;0.034;0.048;0.175;0.102;0.072;0.139;0.024;0.067
20080101004034210;0.02;0.163;-0.033;-0.055;-0.066;0.051;0.028;0.006;0.009;0.033;0.134;0.111;0.057;0.09;-0.01;0.051
20080101004034320;0.028;0.109;-0.045;0.009;-0.04;0.13;0.051;0.023;0.003;0.045;0.175;0.039;0.088;0.125;0.028;0.074
20080101004034410;-0.034;0.145;-0.026;-0.053;-0.087;0.091;0.016;-0.018;0.058;0.03;0.111;0.089;0.052;0.163;-0.015;0.056
20080101004034510;0.028;0.1;-0.04;0.012;-0.027;0.103;0.016;0.014;0.082;0.047;0.152;0.045;0.101;0.109;0.007;0.067
20080101004034610;-0.037;0.089;-0.029;-0.023;-0.042;0.061;0.062;-0.03;0.039;0.026;0.136;0.085;0.078;0.146;-0.034;0.041
20080101004034720;0.032;0.171;-0.04;-0.036;0.026;0.118;0.078;-0.034;0.047;0.049;0.199;0.057;0.085;0.094;0.018;0.071
20080101004034810;-0.006;0.119;-0.021;0.009;0.02;0.061;0.049;0.004;0.092;0.031;0.147;0.132;0.042;0.108;-0.009;0.047
20080101004034910;0.047;0.171;-0.048;-0.058;-0.057;0.12;0.067;-0.027;0.128;0.043;0.182;0.081;0.033;0.057;0.02;0.066
20080101004035020;-0.024;0.103;-0.025;-0.002;-0.036;0.096;0.049;0.037;0.104;0.016;0.191;0.05;0.061;0.1;-0.023;0.047
20080101004035110;0.024;0.139;-0.042;0.007;-0.035;0.05;0.076;0.02;0.164;0.044;0.132;0.106;0.055;0.063;0.025;0.066
20080101004035210;-0.028;0.111;-0.031;-0.04;-0.08;0.097;0.058;0.102;0.085;0.03;0.185;0.059;0.078;0.114;-0.02;0.045
20080101004035310;-0.017;0.154;-0.046;-0.014;-0.033;0.047;0.111;0.055;0.144;0.049;0.151;0.145;0.062;0.077;0.05;0.072
20080101004035410;0.039;0.105;-0.032;-0.003;-0.089;0.023;0.087;0.091;0.094;0.025;0.154;0.087;0.002;0.107;-0.043;0.046
20080101004035510;-0.01;0.167;-0.043;-0.049;-0.072;0.074;0.126;0.06;0.159;0.05;0.207;0.121;0.049;0.049;0.027;0.038
20080101004035610;0.021;0.127;-0.025;-0.058;-0.041;0.104;0.144;0.072;0.127;0.023;0.134;0.056;0.027;0.01;-0.021;0.074
20080101004035710;-0.006;0.149;-0.049;-0.013;0.02;0.059;0.09;0.069;0.196;0.043;0.186;0.051;0.051;0.073;0.012;0.041
20080101004035810;0.025;0.114;-0.034;-0.048;-0.013;0.127;0.125;0.018;0.141;0.025;0.149;0.102;0.017;0.094;-0.042;0.069
20080101004035910;-0.046;0.15;-0.039;0.001;0.025;0.098;0.078;0.055;0.12;0.042;0.185;0.082;0.067;0.047;0.006;0.052
20080101004036010;0.016;0.088;-0.026;-0.027;0.04;0.151;0.095;0.052;0.164;0.03;0.152;0.127;0.034;0.077;-0.02;0.081
20080101004036120;-0.048;0.131;-0.052;0.007;-0.039;0.1;0.04;0.097;0.124;0.044;0.209;0.076;0.07;0.038;-0.006;0.05
20080101004036210;-0.006;0.083;-0.033;-0.027;-0.07;0.148;0.092;0.049;0.089;0.026;0.151;0.115;0.045;0.095;-0.043;0.08
20080101004036310;-0.049;0.107;-0.043;0.004;-0.005;0.121;0.06;0.093;0.133;0.042;0.168;0.046;0.061;0.131;-0.037;0.058
20080101004036430;-0.058;0.111;-0.027;-0.051;-0.049;0.052;0.112;0.045;0.065;0.03;0.119;0.09;0.028;0.058;0.011;0.066
20080101004036510;0.024;0.156;-0.05;-0.018;-0.014;0.083;0.115;0.076;0.092;0.049;0.187;0.038;0.075;0.092;-0.02;0.049
20080101004036610;0.06;0.14;-0.024;-0.06;-0.061;0.025;0.073;0.027;0.072;0.034;0.135;0.115;0.056;0.07;-0.034;0.068
20080101004036730;0.016;0.19;-0.044;0.002;-0.034;0.075;0.098;0.03;0.128;0.052;0.186;0.123;0.096;0.144;0.027;0.053
20080101004036820;0.059;0.126;-0.05;-0.042;-0.075;0.107;0.056;-0.043;0.067;0.023;0.182;0.061;0.063;0.172;-0.007;0.078
20080101004036920;-0.012;0.171;-0.029;-0.002;-0.029;0.048;0.051;-0.026;0.099;0.051;0.096;0.092;0.097;0.132;0.036;0.052
20080101004037020;0.018;0.102;-0.045;-0.036;-0.031;0.045;0.003;-0.064;0.094;0.031;0.147;0.052;0.1;0.146;-0.028;0.07
20080101004037120;-0.031;0.131;-0.03;0.011;-0.1;0.09;-0.013;-0.073;0.028;0.046;0.123;0.088;0.065;0.072;0.043;0.048
20080101004037220;0.038;0.106;-0.047;-0.056;-0.073;0.058;0.023;-0.028;0.007;0.028;0.186;0.117;0.079;0.128;-0.02;0.042
20080101004037320;-0.028;0.167;-0.052;-0.015;-0.119;0.076;-0.007;-0.022;0.049;0.05;0.131;0.087;0.028;0.071;0.04;0.069
20080101004037420;0.029;0.117;-0.031;-0.048;-0.082;0.032;0.042;-0.076;0.014;0.026;0.184;0.059;0.083;0.121;-0.033;0.041
20080101004037520;0.048;0.16;-0.038;-0.005;-0.106;0.01;0.008;-0.036;0.078;0.042;0.126;0.059;0.066;0.086;0.032;0.072
20080101004037620;0.01;0.132;-0.025;-0.06;-0.032;0.061;0.055;-0.053;0.049;0.022;0.165;0.083;0.089;0.133;0.052;0.053
20080101004037720;0.049;0.186;-0.042;-0.031;-0.06;0.045;0.047;-0.013;0.103;0.048;0.13;0.059;0.058;0.107;0.003;0.072
20080101004037820;-0.001;0.139;-0.027;-0.053;-0.02;0.1;0.09;-0.019;0.086;0.027;0.174;0.094;0.077;0.138;0.031;0.045
20080101004037920;0.042;0.106;-0.05;0.0;-0.063;0.057;0.064;0.041;0.142;0.047;0.197;0.116;0.045;0.089;-0.031;0.042
20080101004038020;-0.046;0.151;-0.024;-0.045;-0.066;0.117;0.112;0.033;0.176;0.029;0.142;0.053;0.091;0.134;0.022;0.061
20080101004038120;-0.084;0.092;-0.046;0.007;-0.022;0.077;0.068;0.089;0.099;0.049;0.187;0.111;0.092;0.081;-0.025;0.051
20080101004038220;-0.031;0.075;-0.031;-0.024;-0.001;0.129;0.063;0.109;0.152;0.059;0.141;0.063;0.038;0.127;0.014;0.073
20080101004038320;0.03;0.117;-0.044;-0.042;-0.056;0.1;0.122;0.063;0.098;0.022;0.184;0.092;0.067;0.111;-0.06;0.075
20080101004038420;-0.034;0.105;-0.027;0.018;0.026;0.145;0.098;0.107;0.161;0.047;0.149;0.106;0.067;0.044;-0.006;0.039
20080101004038520;0.026;0.171;-0.044;-0.038;-0.026;0.101;0.139;0.125;0.106;0.06;0.212;0.074;0.016;0.065;-0.043;0.074
20080101004038620;-0.002;0.125;-0.055;-0.014;0.022;0.136;0.114;0.061;0.161;0.027;0.165;0.107;0.05;0.013;0.02;0.042
20080101004038720;0.049;0.168;-0.027;-0.063;0.047;0.094;0.135;0.042;0.112;0.045;0.204;0.068;0.011;0.08;-0.037;0.044
20080101004038820;-0.015;0.076;-0.041;-0.011;0.031;0.12;0.091;0.092;0.163;0.028;0.139;0.112;0.04;0.045;0.015;0.071
20080101004038920;0.0;0.071;-0.022;-0.043;-0.045;0.117;0.11;0.038;0.191;0.02;0.195;0.052;0.023;0.087;-0.021;0.051
20080101004039020;-0.072;0.149;-0.038;0.01;-0.033;0.064;0.116;0.075;0.143;0.05;0.153;0.104;0.061;0.047;0.019;0.077
20080101004039120;0.028;0.083;-0.029;-0.066;-0.103;0.108;0.078;0.094;0.187;0.033;0.207;0.127;0.034;0.082;-0.048;0.057
20080101004039220;-0.044;0.159;-0.052;0.03;-0.069;0.056;0.049;0.057;0.134;0.024;0.197;0.076;0.055;0.034;0.021;0.073
20080101004039320;0.053;0.086;-0.031;-0.07;-0.095;0.069;0.08;0.056;0.169;0.05;0.135;0.123;0.031;0.113;-0.026;0.044
20080101004039420;0.001;0.182;-0.045;0.011;-0.032;0.025;0.041;0.024;0.114;0.026;0.163;0.063;0.055;0.067;0.029;0.059
20080101004039520;0.071;0.193;-0.03;-0.035;-0.108;0.078;0.089;-0.028;0.185;0.05;0.118;0.099;0.075;0.122;-0.028;0.035
20080101004039620;0.026;0.143;-0.047;0.01;-0.035;0.026;0.061;0.024;0.078;0.028;0.209;0.059;0.055;0.094;0.023;0.06
20080101004039720;0.091;0.177;-0.031;-0.06;-0.084;0.084;0.086;0.036;0.132;0.043;0.132;0.124;0.089;0.072;0.05;0.078
20080101004039820;-0.031;0.157;-0.047;0.002;-0.004;0.036;0.049;-0.032;0.018;0.028;0.175;0.072;0.049;0.133;0.007;0.049
20080101004039920;0.009;0.105;-0.028;-0.031;-0.058;0.111;0.061;-0.007;0.053;0.047;0.163;0.099;0.078;0.087;0.024;0.077
20080101004040030;-0.086;0.074;-0.045;0.038;0.005;0.078;-0.012;-0.049;0.016;0.033;0.09;0.046;0.067;0.142;-0.034;0.057
20080101004040130;0.007;0.118;-0.016;-0.04;-0.03;0.133;0.029;-0.03;0.055;0.025;0.167;0.042;0.092;0.108;0.023;0.051
20080101004040230;-0.034;0.069;-0.041;0.004;-0.002;0.092;0.0;-0.016;0.012;0.047;0.141;0.078;0.065;0.146;-0.026;0.077
20080101004040330;-0.047;0.152;-0.049;-0.017;-0.036;0.135;0.054;-0.036;0.054;0.026;0.186;0.066;0.09;0.151;0.021;0.051
20080101004040430;0.019;0.167;-0.031;0.016;-0.013;0.108;0.018;-0.066;0.013;0.043;0.141;0.128;0.074;0.12;-0.02;0.06
20080101004040530;0.045;0.133;-0.04;-0.043;-0.028;0.052;0.044;-0.01;0.067;0.049;0.177;0.06;0.099;0.157;0.044;0.048
20080101004040630;0.064;0.167;-0.029;0.008;-0.067;0.075;0.072;-0.045;0.043;0.032;0.126;0.037;0.068;0.1;-0.021;0.069
20080101004040730;0.005;0.136;-0.044;-0.05;-0.061;0.012;0.049;0.023;0.096;0.046;0.177;0.074;0.08;0.122;0.04;0.046
20080101004040830;0.036;0.156;-0.026;-0.016;-0.138;0.052;0.095;-0.018;0.09;0.027;0.122;0.046;0.044;0.07;-0.009;0.072
20080101004040930;-0.016;0.176;-0.051;0.004;-0.095;-0.001;0.057;0.04;0.148;0.045;0.189;0.118;0.03;0.106;0.032;0.074
20080101004041030;0.035;0.116;-0.031;-0.057;-0.106;0.081;0.078;0.025;0.091;0.027;0.197;0.064;0.049;0.067;-0.002;0.045
20080101004041130;-0.015;0.102;-0.045;-0.085;-0.02;0.054;0.057;0.055;0.175;0.045;0.163;0.123;0.086;0.09;0.027;0.077
20080101004041230;0.041;0.144;-0.024;-0.021;-0.058;0.104;0.047;0.026;0.137;0.028;0.185;0.089;0.079;0.067;-0.026;0.049
20080101004041330;-0.055;0.105;-0.043;0.018;-0.045;0.129;0.079;0.05;0.192;0.048;0.14;0.113;0.045;0.1;0.01;0.074
20080101004041430;0.034;0.17;-0.046;-0.03;0.017;0.092;0.066;0.04;0.146;0.03;0.183;0.066;0.019;0.092;-0.04;0.049
20080101004041530;-0.02;0.125;-0.025;0.016;-0.011;0.129;0.14;0.078;0.176;0.023;0.129;0.115;0.039;0.005;0.019;0.075
20080101004041630;0.023;0.082;-0.042;-0.063;0.018;0.135;0.11;0.059;0.093;0.049;0.203;0.054;0.002;-0.006;-0.023;0.049
20080101004041730;-0.025;0.134;-0.047;-0.012;0.031;0.083;0.157;0.121;0.09;0.018;0.142;0.116;0.038;0.068;0.02;0.046
20080101004041830;-0.058;0.138;-0.031;-0.039;-0.028;0.126;0.111;0.078;0.152;0.047;0.134;0.057;0.042;0.04;-0.064;0.08
20080101004041930;-0.008;0.093;-0.045;0.007;-0.045;0.098;0.135;0.11;0.12;0.026;0.205;0.099;0.069;0.138;0.03;0.042
20080101004042030;-0.047;0.078;-0.022;-0.046;0.011;0.141;0.098;0.117;0.175;0.042;0.147;0.056;0.109;0.092;-0.037;0.064
20080101004042130;0.016;0.141;-0.049;0.002;-0.023;0.097;0.082;0.072;0.123;0.053;0.194;0.128;0.061;0.106;0.031;0.047
20080101004042230;-0.033;0.123;-0.026;-0.05;0.028;0.127;0.106;0.084;0.107;0.029;0.154;0.128;0.07;0.073;-0.036;0.07
20080101004042330;0.003;0.173;-0.045;-0.002;-0.037;0.08;0.068;0.038;0.152;0.043;0.168;0.087;0.023;0.1;0.029;0.049
20080101004042430;0.019;0.114;-0.023;0.023;-0.013;0.098;0.077;0.049;0.091;0.032;0.129;0.054;0.071;0.066;-0.056;0.08
20080101004042530;-0.009;0.148;-0.039;-0.048;-0.067;0.049;0.049;-0.009;0.145;0.028;0.179;0.092;0.06;0.135;0.059;0.049
20080101004042630;0.026;0.106;-0.03;0.005;-0.037;0.086;0.076;-0.05;0.079;0.055;0.132;0.054;0.092;0.095;-0.044;0.074
20080101004042730;-0.021;0.106;-0.047;-0.074;-0.08;0.006;0.036;-0.01;0.075;0.029;0.173;0.089;0.062;0.142;0.059;0.046
20080101004042830;0.048;0.17;-0.026;-0.015;-0.062;0.033;0.047;-0.055;0.025;0.05;0.176;0.115;0.099;0.086;-0.016;0.062
20080101004042930;0.007;0.128;-0.042;-0.042;-0.133;0.025;0.001;-0.009;0.013;0.029;0.146;0.075;0.059;0.128;0.067;0.038
20080101004043030;0.084;0.163;-0.027;0.014;-0.074;0.069;0.027;-0.052;0.064;0.048;0.178;0.099;0.035;0.09;-0.026;0.073
20080101004043130;0.033;0.138;-0.045;-0.034;-0.107;0.048;-0.004;-0.031;0.086;0.02;0.12;0.055;0.083;0.088;0.04;0.04
20080101004043250;0.08;0.185;-0.028;-0.011;-0.06;0.096;-0.01;-0.081;0.05;0.049;0.166;0.049;0.059;0.137;-0.027;0.077
20080101004043340;-0.015;0.138;-0.047;-0.04;-0.072;0.045;0.029;-0.041;0.102;0.024;0.134;0.1;0.081;0.105;0.055;0.035
20080101004043440;0.035;0.153;-0.034;-0.069;-0.019;0.084;0.018;-0.053;0.049;0.046;0.211;0.066;0.093;0.162;-0.008;0.077
20080101004043540;-0.035;0.085;-0.03;-0.015;-0.08;0.034;0.084;-0.018;0.102;0.024;0.146;0.119;0.06;0.153;0.049;0.054
20080101004043640;-0.053;0.136;-0.026;-0.031;-0.055;0.089;0.057;0.031;0.063;0.049;0.178;0.103;0.09;0.075;-0.064;0.079
20080101004043740;0.017;0.095;-0.047;0.016;-0.072;0.057;0.096;-0.005;0.133;0.028;0.178;0.036;0.036;0.107;0.025;0.046
20080101004043840;-0.04;0.148;-0.029;-0.042;-0.07;0.113;0.064;0.057;0.068;0.047;0.12;0.073;0.069;0.068;-0.032;0.071
20080101004043940;0.067;0.118;-0.046;-0.002;-0.004;0.079;0.064;0.099;0.094;0.027;0.168;0.064;0.035;0.067;-0.031;0.045
20080101004044040;-0.009;0.167;-0.046;-0.06;0.029;0.151;0.1;0.063;0.053;0.042;0.151;0.115;0.06;0.102;0.041;0.069
20080101004044140;0.058;0.13;-0.028;-0.015;-0.034;0.103;0.079;0.085;0.137;0.022;0.212;0.08;0.088;0.124;-0.062;0.052
20080101004044240;-0.033;0.171;-0.043;0.038;0.023;0.145;0.113;0.099;0.1;0.044;0.148;0.117;0.054;0.083;0.03;0.074
20080101004044340;0.034;0.084;-0.025;-0.033;-0.041;0.131;0.14;0.036;0.164;0.023;0.184;0.051;0.078;0.132;-0.048;0.056
20080101004044440;-0.06;0.126;-0.042;0.026;0.038;0.081;0.097;0.081;0.135;0.05;0.157;0.075;0.019;0.094;0.024;0.074
20080101004044540;0.011;0.093;-0.028;-0.052;-0.015;0.054;0.125;0.042;0.172;0.023;0.142;0.113;0.053;0.038;-0.051;0.056
20080101004044640;-0.06;0.093;-0.039;-0.013;0.004;0.1;0.122;0.077;0.115;0.047;0.194;0.061;0.013;0.066;0.033;0.067
20080101004044740;-0.058;0.138;-0.045;-0.072;-0.074;0.066;0.107;0.051;0.159;0.022;0.143;0.127;0.042;0.026;-0.034;0.044
20080101004044840;0.04;0.129;-0.031;0.005;-0.041;0.098;0.064;0.096;0.173;0.057;0.207;0.055;0.026;0.102;0.03;0.074
20080101004044940;0.078;0.168;-0.048;0.037;-0.108;0.05;0.098;0.013;0.107;0.029;0.14;0.125;0.018;0.11;-0.018;0.053
20080101004045050;0.009;0.192;-0.028;-0.045;-0.04;0.096;0.038;0.046;0.16;0.044;0.184;0.099;0.082;0.044;-0.038;0.073
20080101004045140;0.076;0.15;-0.043;0.016;-0.034;0.042;0.08;0.043;0.096;0.021;0.147;0.078;0.033;0.094;0.047;0.043
20080101004045240;-0.02;0.181;-0.029;-0.07;-0.089;0.075;0.049;-0.009;0.143;0.046;0.174;0.098;0.057;0.049;-0.01;0.06
20080101004045340;0.035;0.122;-0.043;0.001;-0.039;0.048;0.038;0.003;0.163;0.05;0.141;0.067;0.024;0.081;0.021;0.043
20080101004045440;-0.044;0.141;-0.031;-0.042;-0.074;0.081;0.07;-0.045;0.093;0.029;0.164;0.051;0.084;0.072;-0.009;0.065
20080101004045540;-0.067;0.088;-0.041;0.007;-0.012;0.042;0.047;-0.01;0.121;0.041;0.193;0.082;0.061;0.162;0.023;0.056
20080101004045640;-0.009;0.082;-0.023;-0.036;-0.062;0.108;0.075;-0.023;0.036;0.031;0.13;0.061;0.109;0.117;-0.024;0.071
20080101004045740;-0.026;0.145;-0.046;0.002;-0.02;0.06;0.037;0.034;0.076;0.054;0.167;0.113;0.09;0.165;0.039;0.052
20080101004045840;0.072;0.108;-0.025;-0.043;0.016;0.168;0.065;-0.013;-0.026;0.027;0.17;0.071;0.112;0.17;-0.025;0.074
20080101004045950;-0.021;0.172;-0.048;-0.044;-0.071;0.115;0.021;0.027;0.042;0.044;0.112;0.121;0.068;0.108;0.045;0.045
20080101004046040;0.075;0.11;-0.028;0.027;-0.013;0.142;0.052;0.0;-0.001;0.03;0.154;0.027;0.11;0.148;-0.023;0.062
20080101004046160;-0.005;0.169;-0.045;-0.031;-0.059;0.078;0.019;0.017;0.061;0.045;0.123;0.083;0.067;0.089;0.031;0.047
20080101004046240;0.02;0.106;-0.025;0.016;-0.003;0.091;0.074;-0.026;0.018;0.023;0.178;0.044;0.042;0.108;-0.01;0.074
20080101004046340;-0.07;0.072;-0.042;-0.059;0.013;0.014;0.051;-0.052;0.114;0.053;0.147;0.125;0.068;0.069;0.026;0.05
20080101004046440;0.03;0.142;-0.029;0.007;-0.063;0.068;0.078;-0.007;0.069;0.027;0.206;0.078;0.045;0.144;-0.013;0.072
20080101004046540;-0.037;0.094;-0.055;-0.052;-0.032;0.034;0.049;-0.049;0.161;0.046;0.211;0.106;0.08;0.082;0.026;0.069
20080101004046640;-0.031;0.156;-0.022;-0.002;-0.124;0.076;0.081;0.015;0.209;0.024;0.155;0.065;0.087;0.115;-0.006;0.048
20080101004046750;0.05;0.113;-0.041;-0.027;-0.055;0.014;0.028;0.024;0.154;0.044;0.189;0.059;0.024;0.108;0.027;0.063
20080101004046850;-0.01;0.172;-0.026;-0.001;-0.092;0.085;0.092;0.035;0.19;0.03;0.125;0.099;0.052;0.023;-0.013;0.053
20080101004046960;0.077;0.208;-0.047;-0.008;-0.056;0.026;0.051;0.11;0.1;0.05;0.197;0.072;0.008;0.076;0.037;0.068
20080101004047050;0.07;0.153;-0.026;-0.059;-0.102;0.091;0.111;0.072;0.149;0.03;0.143;0.14;0.063;-0.005;-0.009;0.052
20080101004047150;-0.03;0.171;-0.049;-0.004;-0.022;0.053;0.078;0.098;0.116;0.043;0.202;0.114;0.029;0.076;0.021;0.071
20080101004047250;0.048;0.092;-0.029;-0.043;-0.042;0.109;0.117;0.031;0.184;0.031;0.211;0.047;0.018;0.111;-0.048;0.05
20080101004047350;-0.05;0.152;-0.042;-0.015;0.048;0.073;0.141;0.078;0.116;0.043;0.126;0.106;0.068;0.063;0.022;0.077
20080101004047450;-0.036;0.1;-0.03;-0.025;0.009;0.124;0.105;0.035;0.174;0.028;0.175;0.05;0.035;0.107;-0.032;0.047
20080101004047550;-0.062;0.069;-0.038;0.017;0.067;0.1;0.139;0.017;0.106;0.047;0.161;0.112;0.065;0.052;0.022;0.04
20080101004047650;-0.001;0.142;-0.02;-0.013;0.004;0.149;0.089;0.073;0.173;0.026;0.211;0.063;0.016;0.091;-0.07;0.075
20080101004047750;-0.056;0.077;-0.043;0.021;-0.019;0.17;0.106;0.045;0.093;0.053;0.158;0.131;0.031;0.049;0.004;0.051
20080101004047850;0.022;0.135;-0.026;0.016;0.021;0.114;0.06;0.108;0.147;0.032;0.139;0.053;0.067;0.116;-0.036;0.068
20080101004047950;-0.013;0.124;-0.046;-0.075;-0.044;0.147;0.102;0.047;0.059;0.046;0.171;0.116;0.065;0.094;0.006;0.038
20080101004048050;0.035;0.176;-0.025;-0.017;-0.005;0.048;0.036;0.079;0.12;0.022;0.145;0.062;0.107;0.156;-0.035;0.067
20080101004048150;0.06;0.123;-0.048;0.033;-0.098;0.082;0.084;0.012;0.055;0.047;0.128;0.109;0.066;0.108;0.049;0.042
20080101004048250;-0.029;0.206;-0.028;-0.049;-0.121;0.014;0.095;0.032;0.112;0.026;0.186;0.044;0.086;0.128;-0.029;0.068
20080101004048350;0.033;0.11;-0.042;-0.007;-0.075;0.031;0.064;-0.013;0.127;0.044;0.152;0.08;0.045;0.063;0.036;0.052
20080101004048470;-0.036;0.16;-0.024;-0.069;-0.094;-0.001;0.011;-0.08;0.083;0.047;0.129;0.106;0.077;0.097;0.001;0.08
20080101004048550;0.038;0.077;-0.041;0.001;-0.037;-0.005;0.055;-0.038;0.138;0.023;0.177;0.056;0.045;0.124;0.077;0.056
20080101004048650;-0.025;0.144;-0.029;-0.063;-0.081;0.049;0.005;-0.101;0.07;0.046;0.121;0.109;0.075;0.079;-0.002;0.063
20080101004048750;0.044;0.137;-0.046;0.005;-0.025;0.107;-0.019;-0.043;0.128;0.029;0.184;0.063;0.051;0.126;0.038;0.047
20080101004048850;-0.005;0.177;-0.03;-0.023;-0.084;0.06;0.023;-0.079;0.041;0.043;0.201;0.119;0.083;0.103;0.059;0.039
20080101004048950;0.077;0.111;-0.043;0.006;-0.054;0.116;-0.003;0.01;-0.009;0.027;0.191;0.095;0.056;0.125;-0.038;0.036
20080101004049050;-0.002;0.135;-0.026;-0.037;-0.08;0.044;0.022;-0.022;0.086;0.047;0.142;0.126;0.039;0.081;0.033;0.07
20080101004049150;0.009;0.104;-0.038;-0.015;-0.038;0.09;0.059;0.011;0.026;0.021;0.114;0.062;0.102;0.143;-0.02;0.062
20080101004049250;-0.054;0.157;-0.051;0.006;-0.071;0.023;0.057;-0.004;0.046;0.042;0.117;0.024;0.049;0.095;-0.031;0.083
20080101004049350;-0.003;0.106;-0.029;-0.06;-0.014;0.076;0.102;0.038;0.106;0.052;0.178;0.068;0.082;0.136;0.063;0.045
20080101004049450;-0.04;0.161;-0.048;0.002;-0.053;0.055;0.09;0.027;0.144;0.017;0.146;0.058;0.101;0.102;-0.047;0.06
20080101004049550;0.067;0.092;-0.029;-0.056;-0.03;0.099;0.128;0.067;0.09;0.047;0.204;0.134;0.066;0.147;0.022;0.041
20080101004049650;-0.022;0.166;-0.047;0.018;0.035;0.067;0.073;0.026;0.166;0.032;0.198;0.071;0.083;0.103;-0.049;0.064
20080101004049750;-0.049;0.179;-0.027;-0.034;0.051;0.141;0.118;0.095;0.131;0.044;0.145;0.125;0.05;0.124;0.024;0.052
20080101004049850;0.046;0.076;-0.024;0.013;-0.034;0.166;0.07;0.025;0.161;0.047;0.132;0.057;0.069;0.067;-0.05;0.072
20080101004049950;-0.021;0.134;-0.049;-0.036;0.034;0.106;0.053;0.103;0.191;0.025;0.175;0.104;0.021;0.094;0.016;0.08
20080101004050060;0.02;0.09;-0.024;-0.056;-0.054;0.137;0.12;0.063;0.106;0.052;0.152;0.053;0.04;0.028;-0.048;0.051
20080101004050160;-0.065;0.127;-0.034;-0.004;-0.008;0.079;0.081;0.099;0.143;0.019;0.204;0.126;0.013;0.07;0.011;0.061
20080101004050260;-0.005;0.109;-0.028;-0.063;-0.066;0.034;0.109;0.058;0.098;0.049;0.162;0.135;0.049;0.02;-0.034;0.037
20080101004050360;-0.009;0.143;-0.044;0.009;-0.033;0.035;0.122;0.068;0.154;0.027;0.184;0.086;0.022;0.085;0.021;0.057
20080101004050470;0.053;0.112;-0.028;-0.073;-0.099;0.09;0.069;0.029;0.138;0.045;0.147;0.049;0.068;0.041;-0.042;0.075
20080101004050560;-0.001;0.173;-0.05;-0.001;-0.027;0.048;0.104;0.059;0.208;0.028;0.192;0.096;0.041;0.081;0.038;0.055
20080101004050660;0.052;0.15;-0.032;-0.045;-0.085;0.083;0.065;-0.016;0.129;0.053;0.15;0.046;0.054;0.042;0.03;0.078
20080101004050760;0.007;0.179;-0.042;0.013;-0.051;0.048;0.081;0.064;0.18;0.029;0.205;0.113;0.026;0.08;-0.027;0.043
20080101004050860;0.057;0.108;-0.026;-0.033;-0.016;0.087;0.032;0.002;0.098;0.05;0.128;0.135;0.071;0.08;0.033;0.063
20080101004050960;-0.041;0.149;-0.038;-0.057;-0.103;0.032;0.075;0.043;0.075;0.031;0.187;0.088;0.055;0.127;-0.008;0.038
20080101004051060;0.011;0.082;-0.025;0.013;-0.04;0.104;0.046;-0.005;0.115;0.045;0.184;0.055;0.108;0.095;0.013;0.066
20080101004051160;-0.079;0.146;-0.047;-0.025;-0.08;0.065;0.029;0.016;0.132;0.026;0.116;0.095;0.067;0.08;-0.016;0.079
20080101004051260;-0.013;0.092;-0.031;0.0;-0.088;0.102;0.071;-0.023;0.016;0.047;0.192;0.047;0.089;0.162;0.026;0.057
20080101004051360;-0.029;0.128;-0.04;-0.053;0.002;0.058;0.044;0.012;0.054;0.052;0.127;0.054;0.052;0.121;-0.002;0.076
20080101004051460;0.079;0.159;-0.025;-0.01;0.014;0.072;0.071;-0.032;-0.01;0.028;0.164;0.112;0.052;0.089;0.035;0.048
20080101004051570;0.001;0.173;-0.039;-0.039;-0.049;0.111;0.028;0.006;0.001;0.025;0.131;0.056;0.101;0.124;-0.006;0.036
20080101004051660;0.031;0.133;-0.027;-0.005;0.004;0.087;0.043;-0.041;0.085;0.052;0.188;0.083;0.059;0.105;0.029;0.056
20080101004051760;0.038;0.154;-0.045;0.04;-0.057;0.129;0.001;-0.013;0.121;0.026;0.125;0.04;0.097;0.167;-0.017;0.041
20080101004051860;-0.075;0.107;-0.027;-0.073;-0.029;0.069;0.039;-0.05;0.046;0.052;0.183;0.088;0.066;0.153;-0.046;0.074
20080101004051960;0.016;0.092;-0.044;-0.011;-0.082;0.111;0.014;-0.052;0.094;0.031;0.188;0.069;0.097;0.1;0.026;0.053
20080101004052060;-0.054;0.128;-0.029;-0.052;-0.009;0.021;0.058;0.018;0.059;0.044;0.147;0.109;0.084;0.055;0.0;0.082
20080101004052170;0.012;0.099;-0.041;-0.064;-0.094;0.009;0.039;-0.014;0.132;0.03;0.175;0.062;0.036;0.113;0.042;0.054
20080101004052260;-0.034;0.176;-0.027;-0.009;-0.12;0.082;0.084;0.031;0.098;0.051;0.143;0.096;0.064;0.075;-0.013;0.063
20080101004052360;0.074;0.131;-0.045;0.038;-0.072;0.05;0.069;0.018;0.155;0.027;0.127;0.072;0.04;0.106;0.032;0.036
20080101004052460;0.029;0.182;-0.034;-0.051;-0.012;0.108;0.097;0.017;0.081;0.048;0.172;0.051;0.08;0.065;-0.009;0.055
20080101004052560;0.052;0.139;-0.026;-0.079;-0.085;0.031;0.064;0.081;0.146;0.031;0.181;0.118;0.081;0.09;0.042;0.05
20080101004052660;0.007;0.192;-0.047;0.0;-0.025;0.029;0.097;0.052;0.115;0.052;0.139;0.061;0.036;0.06;-0.038;0.088
20080101004052760;0.047;0.076;-0.027;-0.038;-0.062;0.08;0.074;0.074;0.105;0.03;0.202;0.126;0.06;0.092;0.009;0.083
20080101004052860;-0.064;0.126;-0.039;0.006;-0.011;0.112;0.114;0.046;0.174;0.045;0.153;0.131;0.026;0.039;-0.023;0.056
20080101004052960;-0.086;0.093;-0.021;-0.036;-0.033;0.089;0.077;0.069;0.119;0.055;0.197;0.082;0.05;0.068;0.017;0.042
20080101004053060;0.0;0.117;-0.038;0.012;0.03;0.146;0.064;0.013;0.187;0.033;0.157;0.056;0.024;0.031;-0.031;0.06
20080101004053160;-0.038;0.085;-0.022;-0.034;0.0;0.086;0.108;0.048;0.112;0.029;0.14;0.091;0.06;0.093;0.028;0.042
20080101004053260;0.035;0.107;-0.035;0.002;0.038;0.145;0.089;0.013;0.158;0.045;0.181;0.06;0.033;0.124;-0.045;0.074
20080101004053370;-0.025;0.161;-0.024;-0.049;0.003;0.097;0.123;0.093;0.099;0.027;0.143;0.127;0.085;0.086;0.003;0.054
20080101004053470;0.046;0.175;-0.052;-0.002;-0.062;0.13;0.13;0.074;0.088;0.045;0.216;0.067;0.048;0.122;-0.045;0.079
20080101004053580;0.007;0.119;-0.031;0.008;-0.016;0.074;0.099;0.118;0.138;0.031;0.147;0.1;0.023;0.069;0.048;0.05
20080101004053670;0.037;0.104;-0.039;-0.048;-0.056;0.106;0.109;0.067;0.075;0.057;0.132;0.073;0.082;0.07;-0.027;0.074
20080101004053780;-0.013;0.151;-0.022;-0.019;-0.015;0.049;0.081;0.024;0.135;0.033;0.164;0.049;0.042;0.124;0.039;0.042
20080101004053870;-0.035;0.12;-0.037;-0.042;-0.063;0.029;0.1;0.063;0.096;0.049;0.13;0.094;0.08;0.089;-0.003;0.042
20080101004053970;-0.051;0.099;-0.029;0.011;-0.035;0.083;0.056;-0.035;0.132;0.031;0.208;0.055;0.106;0.137;-0.021;0.07
20080101004054070;0.029;0.145;-0.038;-0.044;-0.066;0.064;0.063;0.002;0.128;0.051;0.138;0.129;0.069;0.099;0.052;0.081
20080101004054170;0.036;0.113;-0.023;0.008;-0.008;0.104;0.004;-0.072;0.058;0.026;0.226;0.076;0.084;0.123;-0.019;0.066
20080101004054270;-0.033;0.172;-0.042;-0.049;-0.036;0.058;-0.007;-0.045;0.122;0.046;0.152;0.132;0.037;0.077;0.041;0.047
20080101004054370;0.0;0.134;-0.028;-0.066;-0.03;0.096;0.047;-0.066;0.023;0.027;0.112;0.07;0.074;0.066;0.042;0.058
20080101004054470;0.07;0.158;-0.042;-0.007;-0.069;0.031;0.011;0.0;0.061;0.051;0.188;0.098;0.038;0.105;-0.034;0.039
20080101004054570;-0.009;0.126;-0.029;-0.033;-0.06;0.073;0.058;-0.043;0.021;0.031;0.135;0.045;0.071;0.07;0.038;0.067
20080101004054680;0.053;0.164;-0.042;-0.036;-0.137;0.09;0.022;0.012;0.086;0.043;0.177;0.102;0.046;0.136;0.065;0.057
20080101004054770;-0.018;0.137;-0.03;0.003;-0.09;0.027;0.067;-0.016;0.037;0.054;0.201;0.061;0.083;0.121;-0.006;0.084
20080101004054870;0.051;0.109;-0.042;-0.04;-0.091;0.02;0.05;0.025;0.042;0.026;0.126;0.112;0.105;0.124;0.029;0.096
20080101004054970;-0.01;0.164;-0.026;-0.002;-0.037;0.054;0.077;-0.013;0.099;0.045;0.193;0.067;0.069;0.173;0.042;0.051
20080101004055080;0.011;0.106;-0.025;-0.051;-0.042;0.061;0.04;0.02;0.087;0.026;0.142;0.1;0.104;0.11;-0.025;0.062
20080101004055170;-0.044;0.166;-0.045;0.005;0.024;0.071;0.077;0.024;0.177;0.042;0.163;0.061;0.057;0.078;0.034;0.031
20080101004055270;0.023;0.125;-0.028;-0.034;-0.03;0.139;0.107;-0.016;0.134;0.047;0.182;0.056;0.067;0.105;-0.03;0.059
20080101004055370;-0.023;0.135;-0.042;0.024;0.008;0.085;0.056;0.019;0.092;0.031;0.188;0.101;0.046;0.075;0.005;0.073
20080101004055470;0.025;0.083;-0.02;-0.014;-0.022;0.133;0.1;0.069;0.143;0.051;0.144;0.125;0.076;0.099;-0.029;0.061
20080101004055570;-0.039;0.135;-0.015;0.018;0.006;0.068;0.062;0.109;0.063;0.033;0.19;0.055;0.044;0.063;0.022;0.07
20080101004055670;-0.061;0.091;-0.037;-0.056;-0.043;0.117;0.119;0.117;0.045;0.05;0.135;0.098;0.07;0.095;-0.043;0.045
20080101004055770;0.005;0.135;-0.054;-0.025;-0.063;0.128;0.086;0.063;0.115;0.03;0.127;0.12;0.055;0.05;0.016;0.069
20080101004055870;0.025;0.103;-0.03;-0.003;-0.004;0.089;0.114;0.08;0.099;0.052;0.19;0.066;0.009;0.093;-0.021;0.042
20080101004055970;-0.03;0.165;-0.038;-0.057;-0.051;0.107;0.085;0.029;0.123;0.029;0.152;0.117;0.06;0.032;0.023;0.069
20080101004056070;0.033;0.116;-0.024;0.01;-0.002;0.05;0.127;0.078;0.187;0.044;0.18;0.072;0.03;0.057;0.031;0.046
20080101004056170;-0.014;0.162;-0.038;-0.036;-0.074;0.024;0.121;0.007;0.223;0.052;0.137;0.123;0.068;0.023;-0.023;0.069
20080101004056270;0.011;0.104;-0.023;0.015;-0.019;0.074;0.077;0.049;0.16;0.029;0.193;0.073;0.031;0.116;0.02;0.046
20080101004056370;0.049;0.15;-0.042;-0.032;-0.106;0.118;0.049;0.027;0.192;0.044;0.205;0.131;0.068;0.15;0.041;0.069
20080101004056470;-0.031;0.113;-0.033;-0.067;-0.055;0.067;0.077;0.017;0.135;0.03;0.157;0.083;0.083;0.056;-0.01;0.043
20080101004056580;0.021;0.16;-0.053;-0.003;-0.107;0.097;0.056;0.07;0.121;0.045;0.187;0.102;0.085;0.095;-0.026;0.042
20080101004056680;-0.029;0.104;-0.022;-0.042;-0.094;0.051;0.044;0.035;0.062;0.051;0.122;0.066;0.076;0.06;0.025;0.072
20080101004056780;0.059;0.149;-0.041;-0.009;-0.032;0.087;0.074;0.066;0.019;0.033;0.184;0.107;0.03;0.124;-0.017;0.078
20080101004056890;0.001;0.171;-0.02;-0.058;-0.046;0.049;0.101;-0.008;0.052;0.051;0.139;0.104;0.072;0.082;0.013;0.051
20080101004056980;0.048;0.122;-0.042;0.011;0.028;0.106;0.067;0.02;0.044;0.057;0.179;0.049;0.041;0.076;-0.016;0.063
20080101004057080;-0.016;0.171;-0.023;-0.049;-0.032;0.139;0.083;-0.045;0.078;0.026;0.141;0.094;0.1;0.105;0.027;0.048
20080101004057180;-0.069;0.122;-0.036;-0.003;0.042;0.101;0.035;-0.016;0.122;0.045;0.177;0.046;0.066;0.157;-0.029;0.046
20080101004057280;0.007;0.075;-0.024;-0.039;0.026;0.067;0.01;-0.057;0.024;0.031;0.115;0.114;0.103;0.182;0.018;0.068
20080101004057380;-0.046;0.122;-0.043;0.011;-0.044;0.112;0.049;0.013;0.081;0.044;0.172;0.062;0.116;0.097;-0.02;0.081
20080101004057480;-0.002;0.099;-0.031;-0.024;-0.111;0.069;0.024;-0.023;0.097;0.028;0.146;0.096;0.073;0.127;0.012;0.056
20080101004057580;-0.037;0.141;-0.02;0.009;-0.038;0.109;0.057;0.035;0.054;0.032;0.188;0.058;0.092;0.087;-0.016;0.072
20080101004057680;0.07;0.112;-0.044;0.013;-0.092;0.044;0.028;0.042;0.095;0.045;0.204;0.111;0.051;0.134;0.045;0.072
20080101004057790;0.021;0.165;-0.029;-0.073;-0.105;0.066;0.072;-0.008;0.071;0.027;0.128;0.055;0.086;0.081;-0.015;0.044
20080101004057880;0.085;0.183;-0.049;-0.007;-0.039;-0.007;0.099;0.032;0.13;0.048;0.165;0.086;0.045;0.112;0.053;0.064
20080101004057980;0.097;0.194;-0.027;-0.05;-0.07;0.038;0.062;-0.042;0.116;0.031;0.15;0.056;0.072;0.05;0.016;0.038
20080101004058080;-0.019;0.138;-0.025;0.008;-0.03;0.073;0.092;0.016;0.161;0.044;0.185;0.038;0.027;0.094;-0.012;0.064
20080101004058180;0.033;0.15;-0.039;-0.034;-0.086;0.051;0.061;-0.012;0.175;0.051;0.212;0.12;0.057;0.055;0.048;0.069
20080101004058280;0.028;0.085;-0.03;-0.052;-0.086;0.107;0.091;0.045;0.185;0.033;0.154;0.132;0.029;0.041;-0.038;0.078
20080101004058380;-0.049;0.139;-0.045;0.023;-0.012;0.052;0.041;0.023;0.095;0.048;0.182;0.094;0.061;0.104;0.008;0.062
20080101004058480;-0.065;0.083;-0.015;-0.059;-0.058;0.153;0.047;0.079;0.154;0.05;0.145;0.121;0.042;0.037;0.027;0.075
20080101004058580;-0.018;0.143;-0.038;0.012;0.001;0.085;0.063;0.062;0.118;0.024;0.187;0.063;0.066;0.11;-0.04;0.046
20080101004058690;-0.019;0.099;-0.022;-0.038;-0.056;0.131;0.115;0.096;0.137;0.048;0.128;0.098;0.033;0.061;-0.044;0.072
20080101004058780;0.049;0.151;-0.042;0.007;-0.011;0.092;0.139;0.053;0.157;0.023;0.184;0.059;0.066;0.104;0.029;0.052
20080101004058880;-0.013;0.121;-0.022;-0.042;0.024;0.073;0.115;0.1;0.101;0.049;0.155;0.107;0.037;0.054;-0.03;0.07
20080101004058980;0.037;0.165;-0.036;-0.056;-0.011;0.112;0.164;0.062;0.077;0.023;0.189;0.107;0.072;0.092;0.017;0.051
20080101004059080;0.06;0.117;-0.023;-0.003;0.035;0.071;0.096;0.092;0.117;0.05;0.12;0.066;0.031;0.065;-0.05;0.068
20080101004059180;-0.019;0.15;-0.045;-0.065;-0.032;0.118;0.13;0.031;0.161;0.029;0.164;0.111;0.071;0.127;-0.059;0.039
20080101004059280;0.011;0.076;-0.028;0.005;-0.002;0.103;0.064;0.074;0.098;0.048;0.197;0.051;0.043;0.14;0.019;0.064
20080101004059380;-0.081;0.127;-0.045;-0.019;-0.033;0.136;0.02;0.004;0.135;0.024;0.124;0.104;0.088;0.073;-0.043;0.048
20080101004059480;-0.046;0.103;-0.027;0.02;-0.017;0.07;0.049;0.041;0.081;0.045;0.19;0.069;0.051;0.057;0.033;0.07
20080101004059580;0.017;0.101;-0.021;-0.048;-0.081;0.102;0.02;0.02;0.138;0.029;0.142;0.125;0.081;0.127;0.002;0.085
20080101004059680;-0.01;0.168;-0.047;-0.008;-0.046;0.043;0.064;-0.054;0.066;0.049;0.141;0.078;0.044;0.053;0.052;0.058
20080101004059780;0.038;0.121;-0.029;-0.051;-0.08;0.061;0.024;0.005;0.124;0.022;0.184;0.099;0.04;0.145;-0.021;0.065
20080101004059880;-0.003;0.185;-0.028;-0.008;-0.071;0.009;0.06;-0.06;0.057;0.047;0.133;0.101;0.093;0.142;0.054;0.042
20080101004059990;0.035;0.177;-0.027;-0.046;-0.093;0.027;0.029;-0.039;0.099;0.049;0.161;0.048;0.078;0.071;0.0;0.042
