20080101004900000;-0.111;0.053;0.042;-0.115;-0.094;0.074;0.027;-0.041;0.037;0.025;0.007;0.0;0.042;0.029;0.015;0.061
20080101004900010;0.186;0.201;0.015;-0.014;-0.151;0.009;-0.062;-0.116;-0.065;0.047;0.25;0.111;0.128;0.239;0.029;0.047
20080101004900110;-0.366;-0.097;0.059;0.105;0.008;0.139;-0.054;-0.156;-0.101;0.03;0.046;0.052;0.075;0.042;-0.003;0.069
20080101004900220;0.162;0.274;0.023;-0.132;-0.119;0.061;0.057;-0.021;0.052;0.025;0.269;0.192;0.053;0.131;-0.012;0.048
20080101004900310;-0.118;0.015;0.063;-0.216;-0.156;-0.029;-0.025;-0.14;-0.081;0.052;0.101;-0.023;0.14;0.046;0.038;0.07
20080101004900420;0.082;0.206;0.023;0.136;0.133;0.224;0.096;0.019;0.157;0.028;0.222;0.084;0.084;0.224;0.053;0.081
20080101004900510;-0.008;0.259;0.056;-0.104;-0.11;0.018;-0.011;-0.125;-0.033;0.049;0.051;0.03;0.154;0.138;-0.004;0.046
20080101004900610;0.133;0.143;0.016;-0.193;0.026;0.152;0.041;-0.026;0.16;0.029;0.213;0.147;0.108;0.22;0.028;0.07
20080101004900710;0.002;0.216;0.048;0.028;-0.117;0.056;0.032;-0.007;0.085;0.045;0.095;0.034;0.13;0.068;0.03;0.047
20080101004900810;0.049;0.064;0.029;-0.113;-0.026;0.106;0.102;0.131;0.119;0.02;0.119;0.039;0.047;0.027;0.0;0.038
20080101004900920;-0.127;-0.001;0.053;0.024;-0.175;-0.006;0.077;0.052;0.106;0.044;0.201;0.161;0.107;0.132;-0.033;0.064
20080101004901020;0.119;0.186;0.022;-0.109;-0.139;0.12;0.136;0.129;0.15;0.028;0.259;0.156;0.043;0.043;0.02;0.046
20080101004901110;-0.215;0.027;0.056;0.103;0.138;-0.008;0.087;0.124;0.1;0.042;0.089;0.043;0.102;0.116;-0.02;0.066
20080101004901210;0.264;0.227;0.014;-0.199;-0.166;0.207;0.14;-0.048;0.249;0.025;0.186;0.09;0.035;0.039;0.042;0.044
20080101004901310;0.002;0.115;0.046;-0.259;0.178;0.072;0.078;0.133;0.266;0.044;0.089;-0.019;0.101;0.096;-0.045;0.064
20080101004901410;0.198;0.109;0.026;0.037;-0.085;0.224;0.147;-0.049;0.103;0.053;0.3;0.179;0.011;-0.047;0.027;0.051
20080101004901510;-0.07;0.243;0.053;-0.103;0.121;0.077;0.076;0.138;0.187;0.033;0.076;0.07;0.085;0.126;-0.037;0.062
20080101004901610;0.162;0.097;0.026;0.038;-0.067;0.143;0.145;0.075;0.053;0.025;0.271;0.064;0.012;-0.087;0.021;0.034
20080101004901720;-0.067;0.131;0.045;-0.109;0.053;0.093;0.074;0.139;0.207;0.054;0.088;0.175;0.086;0.017;-0.046;0.059
20080101004901820;0.019;0.013;0.022;0.006;-0.088;0.17;0.032;0.024;0.099;0.034;0.317;0.209;-0.038;0.163;0.008;0.075
20080101004901920;-0.118;0.008;0.049;-0.104;0.003;0.06;0.113;0.004;0.096;0.052;0.11;0.01;0.087;0.03;-0.038;0.047
20080101004902020;0.02;0.199;0.017;-0.007;0.012;0.111;0.164;0.14;0.255;0.032;0.021;0.064;0.159;0.186;0.029;0.062
20080101004902120;-0.047;0.103;0.045;-0.103;-0.148;-0.026;0.104;0.016;0.123;0.056;0.235;0.011;0.054;0.047;-0.026;0.041
20080101004902220;0.157;0.273;0.027;0.08;-0.038;0.066;0.136;0.071;0.047;0.029;0.149;0.14;0.127;0.054;0.037;0.061
20080101004902320;-0.032;0.122;0.055;-0.135;0.076;0.134;0.073;-0.008;0.154;0.053;0.252;0.07;0.039;0.161;0.0;0.048
20080101004902420;0.193;0.069;0.024;0.031;-0.175;-0.017;0.042;0.071;0.15;0.033;0.111;0.018;0.092;0.06;0.033;0.04
20080101004902520;-0.102;0.217;0.039;-0.164;0.031;0.086;0.077;0.105;0.055;0.022;0.091;0.074;0.14;0.154;0.032;0.07
20080101004902620;0.098;0.233;0.044;0.049;-0.177;0.147;-0.038;-0.158;-0.055;0.048;0.192;0.038;0.108;0.189;-0.035;0.041
20080101004902720;-0.134;0.04;0.013;-0.145;0.029;0.009;0.053;0.044;0.089;0.03;0.067;0.182;0.139;0.102;0.042;0.067
20080101004902830;-0.026;0.047;0.055;-0.006;0.062;0.144;-0.075;-0.122;-0.053;0.024;0.301;0.083;0.07;0.203;-0.023;0.05
20080101004902920;0.118;0.191;0.032;-0.038;-0.112;0.022;0.052;-0.061;-0.082;0.047;0.058;0.013;0.028;-0.025;0.032;0.064
20080101004903020;-0.107;0.022;0.02;-0.092;-0.022;0.0;-0.037;-0.106;0.049;0.028;0.21;0.15;0.184;0.181;-0.008;0.045
20080101004903120;0.129;0.25;0.065;0.029;-0.121;0.146;0.06;-0.13;-0.026;0.05;0.118;0.184;0.053;0.213;0.055;0.066
20080101004903220;0.016;0.134;0.028;0.007;0.026;-0.061;-0.05;-0.037;-0.066;0.028;0.062;-0.075;0.132;0.07;0.014;0.047
20080101004903320;0.147;0.19;0.014;-0.177;-0.118;0.106;0.082;-0.134;0.182;0.042;0.186;0.157;0.164;0.203;-0.006;0.067
20080101004903430;0.047;0.26;0.032;-0.039;-0.015;0.019;0.005;-0.03;-0.032;0.028;0.103;0.069;0.059;0.086;0.073;0.044
20080101004903530;0.09;0.108;0.019;-0.093;-0.165;0.094;-0.002;-0.062;0.089;0.045;0.242;0.146;0.113;0.07;0.01;0.063
20080101004903630;-0.027;0.163;0.047;0.072;-0.084;-0.013;0.087;0.063;0.037;0.025;0.253;0.134;0.148;0.241;-0.021;0.041
20080101004903730;0.063;0.2;0.051;-0.076;-0.242;0.071;0.041;0.099;0.149;0.044;0.003;0.011;0.052;0.028;0.016;0.067
20080101004903830;-0.049;0.084;0.027;0.033;-0.059;0.04;0.088;0.058;0.07;0.02;0.144;-0.001;0.089;0.022;0.026;0.042
20080101004903930;0.02;0.062;0.016;-0.099;0.056;0.076;0.052;-0.017;0.186;0.048;0.219;0.122;0.099;0.126;-0.02;0.069
20080101004904030;-0.134;0.17;0.04;-0.024;-0.009;0.185;0.135;-0.032;0.141;0.032;0.087;0.049;0.025;-0.003;0.022;0.043
20080101004904130;0.075;0.219;0.018;-0.103;0.11;0.09;0.089;0.067;0.116;0.03;0.243;0.107;0.086;0.129;0.02;0.074
20080101004904230;-0.019;0.112;0.049;-0.094;-0.02;0.184;0.157;0.135;0.2;0.046;0.141;0.139;0.098;-0.023;-0.045;0.046
20080101004904330;0.118;0.256;0.027;0.039;0.059;0.032;0.106;0.063;0.062;0.024;0.13;0.044;0.024;0.096;-0.01;0.064
20080101004904430;-0.101;-0.04;0.055;-0.037;0.084;0.226;0.168;0.15;0.216;0.048;0.249;0.2;0.062;0.112;-0.044;0.046
20080101004904530;-0.215;0.31;-0.012;-0.107;-0.004;0.015;0.069;0.049;0.057;0.025;0.084;0.041;-0.011;0.002;0.016;0.067
20080101004904630;0.175;-0.105;0.059;0.014;0.099;0.323;0.178;0.216;0.167;0.046;0.179;-0.008;0.069;-0.057;-0.034;0.052
20080101004904730;-0.121;0.272;0.006;-0.078;-0.083;-0.005;0.03;0.062;0.032;0.032;0.11;0.125;0.118;0.156;-0.054;0.073
20080101004904830;0.085;0.006;0.056;0.024;-0.114;0.262;0.159;0.188;0.261;0.045;0.249;0.012;0.049;0.043;0.032;0.056
20080101004904930;-0.089;0.291;0.033;0.119;0.005;-0.004;0.02;-0.007;-0.006;0.032;0.139;0.239;0.138;0.167;-0.023;0.068
20080101004905040;0.154;-0.045;0.002;-0.084;-0.164;0.103;0.145;0.123;0.344;0.045;0.231;-0.002;0.019;0.012;0.039;0.052
20080101004905140;-0.223;0.327;0.006;-0.116;0.094;-0.053;0.027;-0.084;0.083;0.023;0.152;0.237;0.128;-0.055;-0.008;0.068
20080101004905240;0.255;0.102;0.066;0.068;0.074;0.246;0.095;0.057;0.273;0.043;0.212;0.008;0.078;0.16;0.044;0.049
20080101004905340;-0.042;0.121;0.017;-0.108;-0.231;-0.121;-0.068;-0.215;-0.031;0.021;0.111;-0.107;0.038;0.025;-0.012;0.064
20080101004905440;-0.064;0.23;0.046;0.004;-0.026;0.051;0.114;0.085;0.275;0.048;0.055;0.226;0.139;0.16;0.035;0.041
20080101004905540;0.059;0.124;0.023;-0.074;-0.149;-0.014;0.036;-0.077;-0.094;0.032;0.287;-0.148;0.033;0.061;-0.031;0.066
20080101004905650;-0.038;0.017;0.049;0.016;-0.007;0.141;-0.034;-0.001;-0.023;0.025;0.037;0.192;0.154;-0.022;0.044;0.051
20080101004905740;0.035;0.128;0.017;-0.07;-0.154;-0.016;-0.062;0.015;-0.042;0.055;0.242;0.225;0.084;0.177;-0.009;0.067
20080101004905840;0.12;0.085;0.051;-0.012;-0.033;0.122;0.023;-0.074;0.063;0.019;0.084;0.019;0.152;0.052;0.061;0.047
20080101004905950;-0.09;0.239;0.014;-0.067;-0.09;-0.007;-0.05;-0.013;-0.005;0.045;0.184;-0.035;0.069;0.253;0.016;0.067
20080101004906040;0.151;0.12;0.052;-0.087;0.042;0.158;0.075;-0.117;0.118;0.024;0.081;0.076;0.154;0.102;-0.017;0.038
20080101004906150;0.0;0.208;0.027;0.015;0.056;0.016;-0.042;-0.189;0.038;0.043;0.115;0.048;0.077;0.156;0.047;0.066
20080101004906240;0.074;0.078;0.062;-0.137;-0.101;0.171;0.083;-0.07;0.005;0.05;0.217;0.137;0.119;0.166;-0.004;0.037
20080101004906350;-0.106;0.233;0.026;0.032;-0.009;-0.025;0.034;0.028;0.096;0.033;0.131;0.024;0.048;0.093;0.044;0.066
20080101004906440;0.124;0.019;0.046;-0.057;-0.093;-0.016;0.074;-0.013;-0.007;0.051;0.099;0.139;0.101;0.077;-0.006;0.071
20080101004906540;-0.111;0.145;0.023;0.009;-0.121;0.126;0.034;0.065;0.121;0.023;0.181;0.059;0.127;0.151;0.042;0.041
20080101004906650;0.09;0.054;0.044;-0.091;-0.044;0.038;0.019;0.007;0.064;0.048;0.129;0.116;0.067;0.034;-0.035;0.068
20080101004906750;0.105;0.165;0.021;-0.039;-0.082;0.141;0.039;0.115;0.182;0.027;0.084;0.015;0.038;0.071;0.039;0.047
20080101004906850;-0.019;0.216;0.042;-0.08;0.02;0.059;0.106;0.053;0.09;0.045;0.2;0.159;0.09;0.1;-0.012;0.065
20080101004906950;0.075;0.141;0.029;0.028;-0.074;0.128;0.078;-0.003;0.176;0.032;0.15;0.063;0.039;0.024;-0.038;0.047
20080101004907060;0.08;0.218;0.045;-0.058;0.035;0.064;0.172;0.096;0.127;0.026;0.228;0.134;0.085;0.096;0.0;0.069
20080101004907150;-0.058;0.085;0.029;0.018;-0.074;0.029;0.118;0.041;0.201;0.057;0.154;0.034;0.094;0.145;0.034;0.046
20080101004907250;0.017;0.132;0.042;-0.089;0.014;0.133;0.16;0.098;0.224;0.026;0.105;0.028;0.031;0.036;-0.018;0.043
20080101004907350;-0.144;0.047;0.024;-0.029;0.079;0.161;0.12;0.063;0.146;0.042;0.181;0.084;0.057;0.067;-0.045;0.065
20080101004907450;-0.073;0.068;0.039;-0.108;-0.057;0.078;0.081;0.081;0.183;0.027;0.219;0.132;0.063;0.004;0.009;0.042
20080101004907550;-0.095;0.173;0.023;0.005;0.024;0.163;0.164;0.197;0.103;0.048;0.154;0.123;0.007;0.072;0.017;0.069
20080101004907670;0.099;0.102;0.056;-0.044;-0.071;0.105;0.092;0.129;0.156;0.03;0.222;0.072;0.079;0.037;-0.056;0.047
20080101004907750;0.002;0.145;0.025;0.029;-0.006;0.165;0.13;0.125;0.105;0.053;0.13;0.107;0.044;0.024;0.003;0.067
20080101004907860;0.104;0.23;0.044;-0.012;0.033;0.187;0.059;0.052;0.162;0.021;0.207;0.119;0.087;0.09;0.031;0.034
20080101004907950;0.0;0.16;0.025;0.012;0.043;0.135;0.099;0.01;0.11;0.048;0.143;0.066;0.052;0.065;-0.031;0.057
20080101004908050;-0.034;0.097;0.02;-0.119;0.003;0.059;0.043;0.062;0.153;0.055;0.125;0.104;0.052;0.121;-0.037;0.042
20080101004908150;0.028;0.15;0.042;-0.035;-0.062;0.081;0.12;-0.003;0.085;0.026;0.185;0.037;0.106;0.074;0.026;0.073
20080101004908250;-0.081;0.096;0.027;0.024;-0.111;0.009;0.07;0.024;0.124;0.049;0.142;0.112;0.072;0.118;-0.004;0.05
20080101004908380;0.028;0.084;0.048;-0.042;-0.124;-0.022;0.068;-0.06;0.051;0.023;0.205;0.052;0.115;0.096;-0.017;0.062
20080101004908460;-0.048;0.177;0.048;-0.033;-0.049;0.054;0.002;-0.008;0.067;0.053;0.097;0.093;0.081;0.157;0.055;0.049
20080101004908560;0.125;0.138;0.021;-0.092;-0.116;0.013;0.01;-0.084;0.005;0.04;0.152;0.047;0.135;0.151;0.002;0.064
20080101004908660;0.071;0.172;0.042;-0.032;-0.045;0.09;-0.031;-0.025;0.06;0.046;0.122;0.096;0.152;0.196;0.045;0.045
20080101004908760;0.037;0.228;0.026;-0.06;-0.131;0.087;-0.009;-0.092;-0.009;0.027;0.162;0.032;0.121;0.098;0.012;0.068
20080101004908860;0.081;0.199;0.037;-0.003;-0.08;0.042;-0.043;-0.052;0.028;0.023;0.198;0.081;0.12;0.134;0.043;0.043
20080101004908960;0.015;0.134;0.022;-0.072;-0.111;0.003;0.016;-0.112;-0.02;0.046;0.138;0.142;0.067;0.082;-0.022;0.063
20080101004909060;0.045;0.092;0.038;-0.014;-0.018;0.077;-0.001;-0.085;0.034;0.027;0.189;0.084;0.037;0.064;0.042;0.047
20080101004909160;-0.08;0.079;0.027;-0.05;-0.077;0.008;0.028;-0.105;0.001;0.045;0.128;0.12;0.091;0.119;0.003;0.059
20080101004909260;-0.056;0.129;0.042;-0.064;-0.035;0.009;0.005;-0.051;0.115;0.029;0.174;0.018;0.082;0.078;0.035;0.068
20080101004909360;0.073;0.183;0.028;-0.003;-0.108;0.105;0.074;-0.06;0.091;0.049;0.114;0.043;0.114;0.131;-0.023;0.047
20080101004909460;0.014;0.131;0.015;-0.06;-0.032;0.058;0.039;0.063;0.127;0.027;0.127;0.096;0.087;0.156;0.027;0.063
20080101004909560;0.078;0.131;0.036;-0.006;-0.075;0.099;0.037;0.028;0.082;0.046;0.204;0.131;0.105;0.083;0.038;0.074
20080101004909660;0.125;0.189;0.044;-0.074;-0.019;0.049;0.084;0.115;0.064;0.024;0.157;0.06;0.07;0.111;-0.015;0.043
20080101004909760;0.028;0.197;0.025;-0.002;-0.058;0.095;0.124;0.149;0.161;0.052;0.188;0.122;0.085;0.042;-0.044;0.069
20080101004909860;0.037;0.112;0.017;-0.052;-0.067;0.053;0.105;0.097;0.101;0.024;0.132;0.07;0.064;0.085;0.035;0.042
20080101004909960;-0.027;0.144;0.036;-0.024;0.017;0.172;0.164;0.132;0.166;0.051;0.137;0.038;0.038;0.065;-0.041;0.056
20080101004910070;-0.079;0.066;0.019;-0.072;-0.006;0.112;0.12;0.076;0.143;0.027;0.196;0.117;0.075;0.078;-0.062;0.045
20080101004910170;-0.014;0.061;0.037;-0.01;0.059;0.106;0.088;0.096;0.177;0.048;0.2;0.056;0.034;0.035;0.012;0.064
20080101004910270;-0.063;0.124;0.042;0.019;0.017;0.15;0.148;0.044;0.11;0.037;0.141;0.119;0.082;0.024;-0.056;0.047
20080101004910370;-0.086;0.082;0.044;-0.052;0.038;0.119;0.104;0.083;0.133;0.018;0.206;0.091;0.032;0.095;0.001;0.066
20080101004910470;0.038;0.129;0.023;0.008;0.001;0.114;0.072;0.089;0.098;0.053;0.18;0.138;0.067;0.047;-0.035;0.038
20080101004910570;0.006;0.194;0.039;-0.056;0.002;0.164;0.109;0.052;0.157;0.026;0.206;0.077;0.023;0.01;0.014;0.069
20080101004910670;0.085;0.146;0.017;-0.096;-0.053;0.091;0.064;0.074;0.115;0.041;0.149;0.103;0.063;0.05;-0.028;0.036
20080101004910770;0.027;0.168;0.035;-0.036;-0.026;0.099;0.099;0.009;0.167;0.049;0.114;0.107;0.047;0.051;0.028;0.043
20080101004910870;0.051;0.128;0.023;-0.072;-0.037;0.031;0.067;0.075;0.11;0.032;0.181;0.043;0.101;0.12;-0.021;0.071
20080101004910970;-0.034;0.148;0.042;-0.023;-0.106;-0.015;0.105;0.015;0.155;0.043;0.143;0.106;0.065;0.16;0.043;0.053
20080101004911070;0.017;0.108;0.024;0.003;-0.135;-0.018;0.107;0.057;0.079;0.031;0.169;0.063;0.116;0.113;-0.005;0.078
20080101004911170;-0.029;0.154;0.038;-0.06;-0.056;0.05;0.082;-0.027;0.123;0.048;0.148;0.103;0.07;0.086;0.045;0.043
20080101004911270;0.04;0.123;0.018;-0.038;-0.1;0.034;0.028;0.003;0.07;0.031;0.204;0.119;0.105;0.115;-0.021;0.034
20080101004911370;0.014;0.215;0.014;-0.13;0.012;0.091;0.005;-0.038;0.095;0.051;0.134;0.059;0.063;0.093;0.046;0.054
20080101004911470;0.081;0.128;0.036;-0.026;-0.047;0.129;0.03;-0.072;0.003;0.028;0.172;0.094;0.101;0.128;-0.002;0.08
20080101004911570;0.07;0.198;0.016;-0.052;0.006;0.057;-0.017;-0.013;0.046;0.052;0.116;0.053;0.082;0.102;-0.023;0.052
20080101004911680;-0.02;0.117;0.044;0.031;-0.053;0.148;0.011;-0.082;-0.026;0.029;0.186;0.096;0.103;0.148;0.036;0.078
20080101004911780;0.039;0.153;0.045;-0.032;-0.012;0.09;-0.01;-0.042;0.018;0.045;0.2;0.11;0.077;0.078;-0.031;0.038
20080101004911880;-0.09;0.061;0.022;-0.071;-0.042;0.103;0.033;-0.058;-0.021;0.053;0.129;0.064;0.104;0.125;0.026;0.062
20080101004911980;0.001;0.137;0.012;-0.086;-0.019;0.038;0.023;-0.027;-0.003;0.028;0.184;0.106;0.071;0.093;-0.02;0.035
20080101004912080;-0.035;0.116;0.037;-0.038;-0.051;0.078;0.079;-0.043;0.088;0.055;0.119;0.046;0.095;0.154;0.046;0.06
20080101004912190;-0.003;0.11;0.013;-0.071;-0.085;0.022;0.023;0.001;0.131;0.031;0.164;0.026;0.125;0.157;-0.012;0.039
20080101004912280;0.094;0.182;0.035;-0.032;-0.03;0.113;0.086;0.034;0.064;0.044;0.151;0.097;0.085;0.103;0.03;0.072
20080101004912380;0.114;0.223;0.017;-0.068;-0.092;0.045;0.05;0.016;0.154;0.028;0.204;0.066;0.109;0.091;-0.003;0.051
20080101004912480;0.041;0.164;0.035;-0.033;-0.043;0.096;0.095;0.071;0.093;0.048;0.221;0.155;0.063;0.157;0.054;0.076
20080101004912580;0.075;0.179;0.016;-0.007;-0.04;0.045;0.045;0.087;0.135;0.023;0.135;0.054;0.093;0.083;-0.009;0.047
20080101004912690;-0.032;0.143;0.035;-0.035;-0.081;0.09;0.094;0.082;0.121;0.046;0.166;0.084;0.07;0.103;0.025;0.073
20080101004912780;-0.006;0.075;0.014;-0.072;-0.092;0.047;0.059;0.014;0.19;0.028;0.128;0.035;0.079;0.016;-0.031;0.038
20080101004912880;-0.063;0.114;0.032;-0.078;0.03;0.125;0.104;0.055;0.132;0.044;0.193;0.096;0.008;0.065;0.018;0.07
20080101004912980;-0.022;0.052;0.016;-0.022;-0.035;0.066;0.054;0.002;0.097;0.053;0.177;0.078;0.038;0.0;-0.032;0.053
20080101004913080;-0.03;0.132;0.04;-0.061;-0.002;0.107;0.109;0.043;0.154;0.031;0.225;0.15;0.015;0.061;0.023;0.062
20080101004913180;0.079;0.196;0.019;0.02;0.032;0.078;0.124;0.036;0.085;0.045;0.126;0.075;0.052;0.023;-0.017;0.043
20080101004913280;0.004;0.22;0.039;-0.06;-0.011;0.134;0.077;0.079;0.133;0.032;0.173;0.049;0.043;0.095;0.013;0.066
20080101004913400;0.077;0.104;0.014;-0.003;0.024;0.092;0.062;0.048;0.115;0.048;0.142;0.099;0.086;0.107;-0.02;0.047
20080101004913490;-0.022;0.241;0.026;-0.089;-0.04;0.178;0.12;0.096;0.146;0.031;0.162;0.043;0.049;0.069;0.016;0.065
20080101004913590;0.021;0.121;0.007;-0.037;-0.002;0.089;0.07;0.059;0.106;0.044;0.128;0.099;0.079;0.089;-0.024;0.045
20080101004913690;-0.059;0.168;0.025;-0.081;-0.087;0.048;0.133;0.142;0.142;0.025;0.209;0.127;0.063;0.07;0.014;0.062
20080101004913790;0.031;0.076;0.041;-0.002;-0.087;0.018;0.102;0.082;0.035;0.046;0.156;0.067;0.108;0.081;-0.024;0.036
20080101004913890;-0.025;0.088;0.022;-0.039;-0.019;0.038;0.132;0.071;0.123;0.023;0.204;0.132;0.078;0.166;0.032;0.059
20080101004913990;0.062;0.191;0.036;-0.005;-0.062;0.098;0.089;0.009;0.143;0.046;0.182;0.033;0.119;0.197;-0.023;0.049
20080101004914090;-0.016;0.143;0.019;-0.056;0.016;0.141;0.079;-0.063;0.085;0.031;0.086;0.07;0.074;0.095;0.031;0.069
20080101004914190;0.057;0.193;0.029;-0.024;0.036;0.087;0.012;-0.024;0.129;0.047;0.175;0.03;0.107;0.076;0.049;0.046
20080101004914300;-0.009;0.108;0.015;-0.1;-0.035;0.11;0.03;-0.083;0.107;0.026;0.216;0.109;0.05;0.122;-0.011;0.07
20080101004914390;0.085;0.167;0.038;-0.006;-0.039;0.052;-0.01;-0.02;-0.091;0.042;0.145;0.14;0.039;0.07;-0.027;0.037
20080101004914490;-0.055;0.102;0.017;-0.06;-0.107;0.095;0.013;0.018;0.018;0.026;0.208;0.084;0.085;0.096;0.03;0.063
20080101004914590;-0.063;0.171;0.008;-0.007;-0.128;0.01;-0.009;-0.062;-0.004;0.049;0.141;0.106;0.053;0.04;-0.014;0.052
20080101004914690;0.056;0.105;0.035;-0.005;-0.071;0.084;-0.02;-0.026;0.061;0.03;0.163;0.028;0.107;0.084;0.049;0.028
20080101004914790;0.031;0.171;0.011;-0.098;-0.11;0.004;0.026;-0.075;0.118;0.054;0.114;0.077;0.124;0.146;-0.008;0.067
20080101004914890;0.074;0.113;0.009;-0.063;-0.042;0.034;0.077;-0.025;0.061;0.03;0.166;0.048;0.076;0.183;0.05;0.051
20080101004915000;0.028;0.212;0.033;0.003;-0.107;-0.018;0.045;-0.054;0.124;0.049;0.112;0.038;0.125;0.124;0.003;0.076
20080101004915100;-0.019;0.205;0.017;-0.05;-0.054;-0.015;0.088;0.011;0.094;0.028;0.191;0.133;0.088;0.135;0.058;0.046
20080101004915200;0.066;0.083;0.035;-0.01;-0.103;0.088;0.061;-0.011;0.149;0.045;0.203;0.09;0.103;0.081;-0.009;0.073
20080101004915300;-0.003;0.178;0.032;-0.081;-0.015;0.05;0.083;0.026;0.096;0.027;0.173;0.057;0.052;0.117;0.025;0.042
20080101004915400;0.035;0.097;0.013;-0.04;-0.062;0.116;0.034;0.024;0.036;0.042;0.126;0.102;0.092;0.133;-0.031;0.067
20080101004915500;-0.072;0.15;0.01;-0.085;0.023;0.099;0.069;0.074;0.113;0.031;0.16;0.123;0.058;0.082;0.02;0.044
20080101004915600;-0.018;0.075;0.039;-0.02;-0.034;0.193;0.038;0.045;0.036;0.051;0.109;0.056;0.078;0.051;-0.024;0.072
20080101004915700;-0.043;0.078;0.046;0.012;0.042;0.112;0.092;0.081;0.082;0.037;0.196;0.116;0.075;0.089;-0.039;0.045
20080101004915800;0.024;0.133;0.028;0.027;-0.013;0.144;0.092;0.102;0.141;0.027;0.166;0.089;0.024;0.047;0.003;0.07
20080101004915900;-0.038;0.112;0.034;-0.049;0.05;0.151;0.139;0.042;0.116;0.049;0.204;0.064;0.051;0.093;-0.033;0.048
20080101004916000;-0.06;0.16;0.012;-0.02;0.009;0.095;0.147;0.022;0.153;0.031;0.16;0.112;0.045;0.025;0.005;0.064
20080101004916100;0.019;0.134;0.03;-0.087;0.063;0.105;0.101;0.051;0.208;0.027;0.123;0.115;0.079;0.085;0.017;0.042
20080101004916200;0.065;0.165;0.016;-0.029;-0.056;0.058;0.081;0.058;0.138;0.046;0.195;0.047;0.044;0.051;-0.017;0.059
20080101004916300;-0.027;0.105;0.032;-0.094;-0.101;0.088;0.114;0.117;0.197;0.031;0.133;0.11;0.082;0.115;0.02;0.034
20080101004916400;0.06;0.154;0.02;0.039;-0.063;0.11;0.058;0.135;0.117;0.054;0.136;0.087;0.092;0.039;-0.016;0.066
20080101004916500;-0.065;0.159;0.04;-0.014;-0.134;0.049;0.107;0.131;0.165;0.027;0.204;0.125;0.05;0.077;0.016;0.052
20080101004916600;0.072;0.116;0.039;0.0;-0.132;0.074;0.071;0.052;0.114;0.049;0.209;0.099;0.067;0.041;-0.017;0.071
20080101004916710;0.087;0.169;0.019;-0.078;-0.007;0.018;0.044;0.07;0.146;0.031;0.128;0.059;0.044;0.085;0.03;0.045
20080101004916810;-0.014;0.185;0.039;-0.091;-0.032;0.093;0.093;-0.031;0.074;0.028;0.135;0.062;0.075;0.039;-0.016;0.062
20080101004916910;0.032;0.127;0.013;-0.107;0.007;0.121;0.06;-0.071;0.136;0.049;0.196;0.107;0.049;0.086;0.041;0.037
20080101004917010;-0.001;0.162;0.04;0.011;-0.035;0.069;0.028;-0.078;0.149;0.034;0.175;0.074;0.081;0.062;-0.001;0.038
20080101004917110;0.053;0.124;0.028;-0.043;0.007;0.06;0.055;-0.01;0.044;0.046;0.186;0.052;0.052;0.102;-0.037;0.07
20080101004917210;-0.047;0.099;0.046;-0.009;-0.081;0.086;0.026;-0.051;-0.011;0.027;0.138;0.126;0.052;0.084;0.021;0.08
20080101004917310;-0.004;0.164;0.026;0.016;-0.032;0.11;-0.001;0.02;0.028;0.046;0.171;0.101;0.11;0.149;-0.024;0.045
20080101004917410;0.013;0.126;0.015;-0.044;-0.031;0.07;0.028;-0.019;-0.006;0.032;0.115;0.049;0.095;0.11;0.037;0.071
20080101004917510;-0.03;0.146;0.031;-0.117;-0.092;0.12;0.016;0.035;0.046;0.053;0.171;0.02;0.133;0.187;-0.016;0.05
20080101004917610;0.056;0.105;0.01;-0.038;-0.113;0.069;0.05;0.029;0.116;0.035;0.115;0.001;0.108;0.144;0.028;0.061
20080101004917710;0.015;0.154;0.028;-0.009;-0.057;0.004;0.031;-0.027;0.034;0.027;0.165;0.087;0.142;0.181;-0.003;0.042
20080101004917820;-0.032;0.189;0.016;-0.05;-0.065;0.073;0.102;-0.052;0.022;0.055;0.208;0.14;0.08;0.164;0.028;0.074
20080101004917910;0.069;0.195;0.036;-0.089;0.003;0.003;0.072;-0.012;0.076;0.035;0.114;0.121;0.103;0.062;-0.005;0.05
20080101004918010;0.007;0.124;0.019;-0.037;0.001;0.098;0.082;-0.073;0.128;0.03;0.176;0.059;0.062;0.098;0.033;0.064
20080101004918110;0.066;0.156;0.04;-0.067;-0.048;0.061;0.023;-0.046;0.073;0.044;0.186;0.02;0.081;0.089;-0.02;0.051
20080101004918210;-0.026;0.092;0.02;0.004;-0.007;0.131;0.016;-0.048;0.135;0.027;0.126;0.099;0.04;0.042;0.019;0.063
20080101004918310;-0.046;0.163;0.005;-0.078;-0.029;0.137;0.052;0.033;0.139;0.05;0.122;0.042;0.074;0.09;0.031;0.038
20080101004918420;0.029;0.157;0.028;-0.038;-0.118;0.047;0.012;0.007;0.068;0.031;0.213;0.115;0.051;0.044;-0.011;0.06
20080101004918520;-0.009;0.094;0.042;0.016;-0.043;0.089;0.098;0.074;0.062;0.042;0.175;0.163;0.027;0.08;0.014;0.041
20080101004918620;0.045;0.137;0.023;-0.057;-0.094;0.037;0.06;0.091;0.149;0.027;0.197;0.124;0.063;0.039;-0.019;0.068
20080101004918720;0.082;0.22;0.03;-0.008;-0.068;0.075;0.144;0.054;0.128;0.043;0.146;0.033;0.088;0.108;0.033;0.055
20080101004918820;-0.01;0.165;0.013;-0.075;-0.029;0.103;0.098;0.071;0.191;0.052;0.164;0.081;0.053;0.06;-0.003;0.065
20080101004918920;0.049;0.175;0.034;-0.117;0.042;0.06;0.14;0.039;0.199;0.027;0.111;0.039;0.032;0.055;0.019;0.045
20080101004919020;0.067;0.093;0.041;-0.057;0.001;0.048;0.11;0.03;0.16;0.04;0.181;0.12;0.069;0.101;0.037;0.06
20080101004919120;-0.003;0.141;0.026;0.003;0.012;0.082;0.147;0.098;0.097;0.026;0.208;0.089;0.042;0.052;-0.042;0.042
20080101004919220;-0.068;0.088;0.045;0.013;-0.041;0.072;0.09;0.142;0.136;0.047;0.175;0.088;0.085;0.054;-0.009;0.059
20080101004919340;-0.083;0.164;0.021;-0.029;-0.062;0.172;0.106;0.084;0.072;0.031;0.202;0.138;0.056;0.114;-0.036;0.066
20080101004919420;-0.001;0.088;0.032;-0.004;0.018;0.2;0.035;0.088;0.121;0.051;0.153;0.081;0.091;0.099;0.004;0.046
20080101004919520;-0.023;0.074;0.019;-0.067;0.065;0.206;0.029;0.018;0.085;0.027;0.136;0.081;0.04;0.039;-0.055;0.072
20080101004919620;0.001;0.114;0.016;-0.091;0.009;0.105;0.043;0.053;0.118;0.048;0.124;0.033;0.075;0.074;0.015;0.056
20080101004919720;0.038;0.184;0.035;-0.02;0.029;0.123;0.085;-0.004;0.045;0.026;0.192;0.089;0.046;0.056;-0.018;0.075
20080101004919820;-0.016;0.175;0.017;0.021;-0.022;0.03;0.122;0.02;0.088;0.041;0.152;0.134;0.077;0.118;0.027;0.069
20080101004919920;0.085;0.11;0.038;0.021;-0.092;0.003;0.088;-0.036;0.068;0.051;0.211;0.084;0.067;0.152;-0.002;0.036
20080101004920030;0.003;0.157;0.021;-0.075;-0.101;0.04;0.092;-0.002;0.124;0.028;0.143;0.087;0.102;0.102;0.028;0.039
20080101004920130;0.089;0.12;0.029;-0.102;-0.046;0.001;0.034;-0.03;0.134;0.045;0.179;0.035;0.094;0.139;0.004;0.067
20080101004920230;-0.023;0.174;0.005;-0.094;-0.127;0.079;-0.006;-0.002;0.055;0.032;0.104;0.076;0.13;0.113;0.052;0.049
20080101004920340;0.044;0.123;0.03;-0.011;-0.098;0.027;0.004;-0.04;0.02;0.049;0.15;0.052;0.099;0.168;-0.016;0.061
20080101004920430;0.108;0.19;0.006;-0.055;-0.157;0.068;-0.019;0.01;0.076;0.031;0.121;0.114;0.103;0.142;0.064;0.049
20080101004920530;0.038;0.132;0.031;-0.006;-0.109;0.031;0.016;-0.045;0.044;0.05;0.18;0.058;0.065;0.085;-0.006;0.063
20080101004920630;0.072;0.19;0.033;0.007;-0.111;0.065;0.003;-0.033;0.07;0.031;0.218;0.107;0.098;0.065;0.063;0.037
20080101004920730;-0.011;0.139;0.021;-0.073;0.036;0.033;0.062;-0.101;0.019;0.04;0.13;0.117;0.074;0.117;0.025;0.063
20080101004920830;0.019;0.149;0.027;-0.107;0.008;0.08;0.031;-0.099;0.103;0.044;0.182;0.06;0.052;0.082;-0.001;0.045
20080101004920930;0.043;0.099;0.011;-0.046;0.016;0.055;0.085;-0.094;0.064;0.03;0.114;0.025;0.079;0.128;0.029;0.06
20080101004921030;-0.017;0.13;0.031;-0.049;-0.043;0.059;0.035;0.009;0.124;0.043;0.129;0.067;0.05;0.128;0.042;0.075
20080101004921130;-0.056;0.102;0.022;0.011;-0.038;0.089;0.071;0.029;0.019;0.031;0.196;0.06;0.099;0.049;-0.027;0.048
20080101004921230;-0.054;0.149;0.03;-0.034;-0.07;0.148;0.085;0.106;0.059;0.049;0.186;0.121;0.064;0.129;0.027;0.062
20080101004921330;0.068;0.124;0.018;0.01;-0.019;0.099;0.056;0.075;0.023;0.031;0.143;0.134;0.061;0.104;-0.008;0.051
20080101004921440;0.024;0.166;0.03;-0.059;-0.047;0.137;0.062;0.127;0.133;0.02;0.113;0.12;0.128;0.163;-0.034;0.07
20080101004921530;0.043;0.133;0.013;-0.03;0.001;0.121;0.111;0.074;0.125;0.052;0.148;0.023;0.08;0.076;0.019;0.076
20080101004921630;-0.041;0.164;0.028;-0.061;-0.033;0.07;0.093;0.04;0.209;0.023;0.142;0.068;0.102;0.109;-0.017;0.033
20080101004921740;0.02;0.115;0.012;-0.039;0.011;0.093;0.156;0.063;0.207;0.049;0.179;0.116;0.077;0.067;0.012;0.071
20080101004921850;-0.034;0.125;0.031;-0.075;-0.034;0.023;0.114;0.023;0.104;0.027;0.215;0.07;0.014;0.039;-0.009;0.051
20080101004921940;0.013;0.08;0.02;-0.021;0.042;0.042;0.147;0.063;0.154;0.045;0.151;0.112;0.05;0.057;0.012;0.061
20080101004922040;-0.054;0.15;0.034;0.011;-0.02;0.087;0.081;0.042;0.085;0.027;0.2;0.135;0.034;0.03;-0.02;0.046
20080101004922140;-0.015;0.11;0.019;-0.049;-0.065;0.181;0.083;0.091;0.134;0.041;0.132;0.062;0.067;0.078;0.007;0.066
20080101004922240;0.073;0.167;0.004;-0.004;-0.08;0.134;0.023;0.048;0.099;0.028;0.137;0.077;0.033;0.036;-0.034;0.04
20080101004922340;0.011;0.12;0.02;-0.081;-0.028;0.152;0.016;0.086;0.129;0.047;0.218;0.123;0.06;0.07;0.016;0.07
20080101004922440;0.058;0.165;0.017;-0.05;-0.07;0.088;0.082;0.085;0.097;0.029;0.169;0.095;0.029;0.017;0.032;0.05
20080101004922540;0.003;0.169;0.031;-0.008;-0.005;0.02;0.054;-0.023;0.066;0.047;0.194;0.135;0.042;0.033;-0.026;0.067
20080101004922640;0.028;0.113;0.02;-0.004;-0.067;0.044;0.128;0.024;0.137;0.033;0.147;0.044;0.074;0.046;0.033;0.043
20080101004922740;-0.001;0.147;0.034;-0.071;-0.036;-0.036;0.081;0.025;0.193;0.045;0.13;0.065;0.052;0.121;0.045;0.07
20080101004922840;0.041;0.167;0.016;-0.028;-0.077;0.056;0.122;-0.038;0.137;0.051;0.185;0.025;0.109;0.1;-0.01;0.039
20080101004922940;-0.004;0.114;0.009;-0.06;-0.024;0.044;0.061;0.016;0.167;0.033;0.182;0.079;0.089;0.168;0.054;0.057
20080101004923040;-0.032;0.182;0.027;-0.061;-0.08;0.09;0.058;-0.003;0.027;0.051;0.116;0.049;0.121;0.11;0.001;0.066
20080101004923140;0.083;0.125;0.011;-0.054;-0.05;0.073;0.016;0.068;0.033;0.03;0.164;0.116;0.088;0.162;-0.028;0.036
20080101004923240;0.026;0.182;0.031;-0.003;-0.078;0.07;-0.016;0.058;-0.023;0.043;0.135;0.079;0.102;0.106;0.044;0.081
20080101004923350;0.07;0.126;0.019;0.005;-0.066;0.133;0.048;-0.035;0.033;0.026;0.186;0.091;0.077;0.109;-0.026;0.05
20080101004923460;-0.05;0.162;0.006;-0.061;-0.019;0.167;0.004;-0.013;0.002;0.045;0.128;0.052;0.093;0.066;0.039;0.07
20080101004923550;0.005;0.16;0.023;-0.089;-0.03;0.097;0.036;-0.126;0.074;0.024;0.165;0.102;0.061;0.059;-0.045;0.045
20080101004923650;0.034;0.096;0.009;-0.041;0.085;0.028;0.036;-0.074;0.037;0.042;0.199;0.054;0.046;0.125;0.034;0.069
20080101004923750;-0.051;0.09;0.036;-0.112;-0.038;0.006;0.066;-0.111;0.085;0.056;0.153;0.103;0.108;0.149;-0.03;0.042
20080101004923850;0.047;0.158;0.039;-0.002;-0.033;0.04;0.084;-0.042;0.052;0.029;0.142;0.063;0.076;0.085;0.056;0.037
20080101004923950;-0.019;0.193;0.013;0.029;-0.14;0.074;0.018;0.025;0.124;0.054;0.198;0.112;0.098;0.147;-0.013;0.07
20080101004924050;0.057;0.143;0.024;-0.042;-0.166;0.037;0.046;0.022;0.142;0.037;0.152;0.052;0.068;0.07;0.045;0.044
20080101004924150;0.038;0.193;0.004;-0.113;-0.085;0.103;0.0;0.106;0.081;0.047;0.118;0.104;0.088;0.11;-0.026;0.071
20080101004924250;0.146;0.149;0.018;-0.066;-0.118;0.039;0.053;0.055;0.142;0.028;0.171;0.114;0.057;0.057;0.067;0.054
20080101004924350;0.056;0.144;0.009;-0.064;-0.06;0.014;0.048;0.088;0.088;0.048;0.135;0.059;0.094;0.118;-0.023;0.04
20080101004924450;-0.046;0.183;0.028;-0.011;-0.092;0.071;0.124;0.074;0.203;0.021;0.144;0.112;0.067;0.12;0.042;0.073
20080101004924550;-0.005;0.096;0.038;-0.046;-0.017;0.031;0.083;0.023;0.16;0.047;0.207;0.069;0.049;0.064;0.04;0.042
20080101004924660;0.005;0.128;0.021;0.004;-0.022;0.111;0.131;-0.047;0.188;0.027;0.2;0.099;0.064;0.089;-0.067;0.044
20080101004924750;0.017;0.081;0.032;-0.032;0.094;0.078;0.122;0.004;0.137;0.052;0.137;0.06;0.023;0.018;0.058;0.064
20080101004924850;-0.063;0.137;0.015;-0.088;0.051;0.107;0.079;-0.004;0.17;0.03;0.118;0.113;0.056;0.023;-0.055;0.046
20080101004924950;-0.056;0.157;0.031;0.005;0.06;0.179;0.058;0.034;0.082;0.044;0.206;0.067;0.03;0.077;0.023;0.066
20080101004925060;0.031;0.082;0.01;-0.027;-0.022;0.201;0.091;0.098;0.057;0.027;0.151;0.099;0.037;0.029;-0.064;0.077
20080101004925160;-0.028;0.124;0.027;0.016;-0.078;0.193;0.062;0.163;0.143;0.044;0.193;0.138;0.064;0.016;-0.011;0.076
20080101004925260;0.074;0.122;0.009;-0.03;-0.091;0.108;0.098;0.11;0.068;0.052;0.2;0.081;0.053;0.107;-0.049;0.041
20080101004925370;-0.02;0.163;0.026;-0.007;-0.032;0.096;0.074;0.13;0.07;0.031;0.12;0.109;0.092;0.088;0.04;0.034
20080101004925460;0.07;0.11;0.013;-0.065;-0.074;0.009;0.136;0.067;0.157;0.02;0.151;0.072;0.07;0.134;-0.022;0.055
20080101004925560;-0.033;0.152;0.028;-0.037;-0.026;0.058;0.155;-0.005;0.19;0.048;0.13;0.093;0.108;0.076;0.041;0.039
20080101004925660;0.038;0.115;0.011;-0.099;-0.071;0.005;0.099;0.009;0.207;0.03;0.166;0.02;0.065;0.118;-0.02;0.07
20080101004925760;-0.034;0.16;0.004;-0.005;0.002;0.056;0.104;-0.002;0.137;0.027;0.204;0.067;0.087;0.093;0.05;0.045
20080101004925860;0.04;0.137;0.031;-0.07;-0.063;0.032;0.034;-0.056;0.132;0.042;0.167;0.128;0.051;0.118;-0.005;0.058
20080101004925960;0.059;0.176;0.015;-0.008;-0.023;0.081;0.037;-0.014;0.035;0.032;0.191;0.133;0.09;0.076;0.032;0.042
20080101004926060;0.031;0.132;0.028;-0.051;-0.077;0.066;-0.033;-0.046;-0.012;0.049;0.137;0.151;0.095;0.107;-0.005;0.064
20080101004926160;0.034;0.128;0.005;-0.02;-0.068;0.136;-0.063;-0.002;0.019;0.023;0.16;0.044;0.052;0.074;0.042;0.078
20080101004926260;-0.016;0.169;0.021;-0.077;-0.116;0.096;-0.064;-0.059;0.054;0.042;0.115;0.085;0.082;0.047;-0.015;0.055
20080101004926360;0.04;0.096;0.007;0.006;-0.053;0.122;0.023;-0.082;0.023;0.029;0.168;0.086;0.065;0.108;0.016;0.078
20080101004926460;-0.034;0.141;0.025;-0.043;-0.104;-0.011;0.064;-0.041;0.088;0.049;0.139;0.032;0.047;0.067;0.017;0.044
20080101004926560;0.035;0.175;0.034;-0.094;-0.026;-0.035;0.06;-0.009;0.022;0.021;0.197;0.118;0.091;0.103;0.048;0.06
20080101004926680;-0.034;0.133;0.006;-0.035;-0.055;-0.024;0.1;-0.059;0.118;0.046;0.154;0.057;0.079;0.186;-0.004;0.03
20080101004926770;0.046;0.158;0.026;-0.063;-0.008;0.075;0.108;-0.076;0.089;0.03;0.194;0.103;0.114;0.121;0.03;0.058
20080101004926870;-0.003;0.211;0.005;0.003;-0.056;0.112;0.042;-0.018;0.145;0.046;0.133;0.066;0.093;0.186;0.034;0.044
20080101004926970;0.067;0.129;0.021;-0.071;-0.065;0.118;0.029;0.064;0.108;0.027;0.116;0.04;0.117;0.121;-0.011;0.077
20080101004927070;0.008;0.162;0.029;-0.004;-0.021;0.08;0.068;0.095;0.041;0.046;0.165;0.069;0.077;0.132;0.021;0.051
20080101004927170;0.034;0.085;0.011;-0.038;-0.098;0.138;0.031;0.063;0.023;0.028;0.145;0.127;0.076;0.013;-0.033;0.074
20080101004927270;-0.04;0.152;0.026;0.016;-0.04;0.077;0.077;0.088;-0.014;0.047;0.133;0.139;0.021;0.065;0.021;0.042
20080101004927380;-0.078;0.079;0.007;-0.042;-0.032;0.157;0.053;0.046;0.117;0.027;0.22;0.078;0.052;0.082;-0.028;0.062
20080101004927470;-0.016;0.111;0.019;-0.063;0.028;0.094;0.103;0.057;0.15;0.044;0.147;0.027;0.032;0.034;-0.022;0.039
20080101004927570;0.044;0.084;0.009;-0.03;-0.006;0.128;0.077;-0.028;0.174;0.028;0.182;0.127;0.076;0.098;0.021;0.071
20080101004927670;0.002;0.161;0.028;-0.08;0.07;0.103;0.129;-0.016;0.144;0.047;0.15;0.077;0.077;0.04;-0.027;0.047
20080101004927770;0.039;0.144;0.01;-0.013;0.031;0.047;0.076;0.064;0.162;0.033;0.194;0.047;0.042;0.111;0.028;0.066
20080101004927870;0.068;0.2;0.028;-0.049;-0.078;0.044;0.107;0.109;0.117;0.054;0.157;0.137;0.038;0.042;-0.017;0.048
20080101004927970;0.014;0.14;0.014;-0.013;-0.125;0.117;0.113;0.07;0.174;0.032;0.202;0.136;0.068;0.078;0.032;0.074
20080101004928070;0.017;0.089;0.007;-0.051;-0.087;0.111;0.06;0.152;0.114;0.027;0.144;0.077;0.027;0.016;-0.038;0.054
20080101004928170;-0.056;0.139;0.002;-0.02;-0.149;0.058;0.082;0.081;0.164;0.048;0.16;0.059;0.082;0.105;0.025;0.041
20080101004928280;0.02;0.09;0.018;-0.091;-0.071;0.019;0.051;0.111;0.114;0.027;0.126;0.109;0.063;0.14;-0.028;0.061
20080101004928380;-0.028;0.156;0.025;-0.11;-0.075;0.077;0.103;0.034;0.161;0.045;0.168;0.115;0.09;0.065;0.016;0.069
20080101004928480;0.069;0.124;0.008;-0.023;0.015;0.034;0.11;0.036;0.105;0.029;0.222;0.077;0.047;0.113;-0.012;0.051
20080101004928580;0.079;0.178;0.022;0.002;-0.014;0.099;0.063;-0.048;0.139;0.043;0.184;0.12;0.08;0.031;0.034;0.066
20080101004928680;0.0;0.204;0.028;0.005;0.037;0.08;0.092;-0.017;0.124;0.032;0.19;0.07;0.024;0.115;-0.013;0.039
20080101004928780;0.046;0.137;0.026;-0.045;-0.02;0.111;0.074;-0.064;0.011;0.044;0.119;0.013;0.069;0.075;-0.025;0.067
20080101004928880;-0.001;0.151;0.007;-0.023;0.001;0.075;-0.008;0.004;0.041;0.032;0.104;0.074;0.1;0.129;0.036;0.054
20080101004928980;0.034;0.106;0.024;-0.072;-0.003;0.12;0.028;-0.013;-0.011;0.022;0.186;0.062;0.052;0.081;-0.035;0.067
20080101004929080;-0.065;0.141;-0.003;-0.097;-0.127;0.156;-0.005;0.028;0.044;0.047;0.137;0.128;0.1;0.124;0.039;0.048
20080101004929190;0.051;0.078;-0.001;0.014;-0.085;0.062;0.001;0.026;-0.011;0.024;0.19;0.07;0.082;0.128;-0.024;0.062
20080101004929280;-0.024;0.155;0.023;-0.034;-0.128;0.096;0.043;-0.024;0.036;0.047;0.132;0.107;0.13;0.162;0.041;0.041
20080101004929380;0.009;0.125;0.006;-0.018;-0.05;-0.005;0.035;-0.004;0.107;0.034;0.103;0.024;0.09;0.169;-0.002;0.065
20080101004929480;0.064;0.2;0.024;-0.081;-0.011;-0.007;0.073;-0.078;0.089;0.046;0.111;0.084;0.114;0.17;0.056;0.047
20080101004929580;0.107;0.173;0.002;-0.045;-0.001;0.054;0.043;-0.09;0.126;0.022;0.17;0.015;0.057;0.108;-0.012;0.076
20080101004929680;-0.013;0.202;0.016;-0.108;-0.052;0.086;0.07;-0.037;0.088;0.048;0.208;0.136;0.091;0.057;0.04;0.054
20080101004929780;0.076;0.141;-0.002;-0.059;-0.087;0.056;0.073;-0.045;0.139;0.051;0.219;0.126;0.045;0.033;-0.002;0.069
20080101004929880;0.036;0.111;0.022;0.003;-0.056;0.035;0.071;0.035;0.05;0.031;0.158;0.071;0.04;0.111;0.04;0.064
20080101004929990;-0.044;0.134;0.014;-0.019;-0.06;0.07;0.047;0.035;0.051;0.035;0.139;0.097;0.058;0.103;-0.033;0.057
